
Circuit: bjt series regulator

                              bjt series regulator
                              DC transfer characteristic  Sun Jan 23 15:09:35  2022
--------------------------------------------------------------------------------
Index   v-sweep         v(2)            
--------------------------------------------------------------------------------
0	1.500000e+01	1.148561e+01	
1	1.550000e+01	1.154563e+01	
2	1.600000e+01	1.160133e+01	
3	1.650000e+01	1.165666e+01	
4	1.700000e+01	1.171102e+01	
5	1.750000e+01	1.176461e+01	
6	1.800000e+01	1.181762e+01	
7	1.850000e+01	1.187022e+01	
8	1.900000e+01	1.192253e+01	
9	1.950000e+01	1.197465e+01	
10	2.000000e+01	1.202664e+01	
11	2.050000e+01	1.207859e+01	
12	2.100000e+01	1.213054e+01	
13	2.150000e+01	1.218253e+01	
14	2.200000e+01	1.223461e+01	
15	2.250000e+01	1.228680e+01	
16	2.300000e+01	1.233913e+01	
17	2.350000e+01	1.239162e+01	
18	2.400000e+01	1.244430e+01	
19	2.450000e+01	1.249718e+01	
20	2.500000e+01	1.255027e+01	
