
Circuit: half wave precision rectifier

                         half wave precision rectifier
                         Transient Analysis  Sat Jan 29 13:12:06  2022
--------------------------------------------------------------------------------
Index   time            v(1)            v(5)            v(6)            
--------------------------------------------------------------------------------
0	0.000000e+00	0.000000e+00	1.290993e-01	7.772301e-04	
1	2.000000e-07	6.283184e-03	1.245146e-01	5.616258e-03	
2	2.054285e-07	6.453725e-03	1.243867e-01	5.750902e-03	
3	2.162855e-07	6.794807e-03	1.241237e-01	6.025150e-03	
4	2.379995e-07	7.476972e-03	1.235530e-01	6.591590e-03	
5	2.814275e-07	8.841301e-03	1.222160e-01	7.738768e-03	
6	3.682835e-07	1.156996e-02	1.186765e-01	1.000231e-02	
7	4.764374e-07	1.496770e-02	1.125445e-01	1.277463e-02	
8	6.353097e-07	1.995879e-02	9.995139e-02	1.683485e-02	
9	8.755412e-07	2.750580e-02	7.282245e-02	2.304656e-02	
10	1.356004e-06	4.259962e-02	-9.70817e-03	3.581474e-02	
11	1.698150e-06	5.334795e-02	-9.01213e-02	4.457237e-02	
12	1.931586e-06	6.068106e-02	-1.53628e-01	4.872743e-02	
13	2.121788e-06	6.665597e-02	-2.08241e-01	4.788596e-02	
14	2.298458e-06	7.220568e-02	-2.57495e-01	4.047009e-02	
15	2.526192e-06	7.935932e-02	-3.09868e-01	2.389320e-02	
16	2.646230e-06	8.312995e-02	-3.29779e-01	1.545139e-02	
17	2.733947e-06	8.588525e-02	-3.40472e-01	1.080371e-02	
18	2.849139e-06	8.950357e-02	-3.50356e-01	6.520439e-03	
19	2.969976e-06	9.329912e-02	-3.56928e-01	4.013214e-03	
20	3.060633e-06	9.614670e-02	-3.60141e-01	3.046655e-03	
21	3.132430e-06	9.840183e-02	-3.62045e-01	2.643838e-03	
22	3.210986e-06	1.008693e-01	-3.63735e-01	2.403653e-03	
23	3.308868e-06	1.039437e-01	-3.65511e-01	2.283608e-03	
24	3.399669e-06	1.067956e-01	-3.66983e-01	2.246328e-03	
25	3.504645e-06	1.100928e-01	-3.68594e-01	2.230139e-03	
26	3.615728e-06	1.135817e-01	-3.70252e-01	2.205030e-03	
27	3.763434e-06	1.182207e-01	-3.72412e-01	2.149053e-03	
28	3.951715e-06	1.241340e-01	-3.75081e-01	2.050282e-03	
29	4.305603e-06	1.352480e-01	-3.79780e-01	1.859609e-03	
30	4.760192e-06	1.495235e-01	-3.85216e-01	1.660581e-03	
31	5.230882e-06	1.643034e-01	-3.90260e-01	1.502380e-03	
32	5.969181e-06	1.874834e-01	-3.97269e-01	1.302137e-03	
33	6.790104e-06	2.132527e-01	-4.04038e-01	1.134966e-03	
34	8.109593e-06	2.546602e-01	-4.13301e-01	9.406020e-04	
35	9.564472e-06	3.002959e-01	-4.21847e-01	7.949185e-04	
36	1.128136e-05	3.541175e-01	-4.30361e-01	6.677294e-04	
37	1.331740e-05	4.178905e-01	-4.38882e-01	5.636085e-04	
38	1.667925e-05	5.230354e-01	-4.50410e-01	4.408904e-04	
39	1.977389e-05	6.196180e-01	-4.59089e-01	3.763288e-04	
40	2.369029e-05	7.415071e-01	-4.68300e-01	3.039956e-04	
41	2.815447e-05	8.798929e-01	-4.77062e-01	2.591998e-04	
42	3.452717e-05	1.076215e+00	-4.87399e-01	2.006609e-04	
43	4.125662e-05	1.281648e+00	-4.96361e-01	1.712810e-04	
44	5.471551e-05	1.685278e+00	-5.10460e-01	1.137436e-04	
45	6.763763e-05	2.061512e+00	-5.20847e-01	9.639250e-05	
46	8.763763e-05	2.616179e+00	-5.33200e-01	5.507706e-05	
47	1.076376e-04	3.129587e+00	-5.42502e-01	4.715108e-05	
48	1.276376e-04	3.593639e+00	-5.49768e-01	2.024958e-05	
49	1.476376e-04	4.001018e+00	-5.55362e-01	1.747438e-05	
50	1.676376e-04	4.345298e+00	-5.59693e-01	-3.94201e-06	
51	1.876376e-04	4.621051e+00	-5.62915e-01	-4.67543e-06	
52	2.076376e-04	4.823926e+00	-5.65189e-01	-2.41793e-05	
53	2.276376e-04	4.950726e+00	-5.66551e-01	-2.44738e-05	
54	2.476376e-04	4.999449e+00	-5.67085e-01	-4.30482e-05	

Index   time            v(1)            v(5)            v(6)            
--------------------------------------------------------------------------------
55	2.676376e-04	4.969328e+00	-5.66768e-01	-4.36294e-05	
56	2.876376e-04	4.860838e+00	-5.65627e-01	-6.18915e-05	
57	3.076376e-04	4.675690e+00	-5.63590e-01	-6.33517e-05	
58	3.276376e-04	4.416803e+00	-5.60624e-01	-8.20065e-05	
59	3.476376e-04	4.088261e+00	-5.56583e-01	-8.52779e-05	
60	3.676376e-04	3.695244e+00	-5.51330e-01	-1.05731e-04	
61	3.876376e-04	3.243951e+00	-5.44561e-01	-1.13064e-04	
62	4.076376e-04	2.741499e+00	-5.35869e-01	-1.39255e-04	
63	4.276376e-04	2.195812e+00	-5.24379e-01	-1.59248e-04	
64	4.476376e-04	1.615496e+00	-5.08640e-01	-2.06947e-04	
65	4.676376e-04	1.009702e+00	-4.84693e-01	-2.86664e-04	
66	4.876376e-04	3.879848e-01	-4.36510e-01	-5.78689e-04	
67	4.953841e-04	1.449915e-01	-3.88247e-01	-1.46631e-03	
68	4.985687e-04	4.496576e-02	-3.35670e-01	-3.80862e-03	
69	4.998133e-04	5.865534e-03	-2.85627e-01	-9.26703e-03	
70	5.004686e-04	-1.47222e-02	-2.33207e-01	-1.72947e-02	
71	5.010098e-04	-3.17251e-02	-1.59327e-01	-2.86507e-02	
72	5.015417e-04	-4.84336e-02	-4.84145e-02	-4.25236e-02	
73	5.021004e-04	-6.59828e-02	1.098581e-01	-5.50650e-02	
74	5.024232e-04	-7.61254e-02	2.151850e-01	-4.60461e-02	
75	5.026723e-04	-8.39489e-02	2.945016e-01	-1.61135e-02	
76	5.029809e-04	-9.36428e-02	3.748809e-01	3.148844e-02	
77	5.031287e-04	-9.82838e-02	4.035461e-01	5.092460e-02	
78	5.032761e-04	-1.02915e-01	4.259042e-01	6.666651e-02	
79	5.034526e-04	-1.08457e-01	4.463189e-01	8.125633e-02	
80	5.036682e-04	-1.15228e-01	4.648300e-01	9.462642e-02	
81	5.038420e-04	-1.20689e-01	4.764447e-01	1.030252e-01	
82	5.040301e-04	-1.26596e-01	4.871477e-01	1.107516e-01	
83	5.042424e-04	-1.33264e-01	4.979179e-01	1.185410e-01	
84	5.044682e-04	-1.40354e-01	5.085430e-01	1.262909e-01	
85	5.047336e-04	-1.48689e-01	5.204588e-01	1.350775e-01	
86	5.050660e-04	-1.59127e-01	5.348895e-01	1.458841e-01	
87	5.055236e-04	-1.73493e-01	5.541947e-01	1.606102e-01	
88	5.061723e-04	-1.93861e-01	5.807871e-01	1.813690e-01	
89	5.072402e-04	-2.27380e-01	6.231104e-01	2.153611e-01	
90	5.090258e-04	-2.83402e-01	6.910563e-01	2.719226e-01	
91	5.116458e-04	-3.65537e-01	7.867301e-01	3.545042e-01	
92	5.153301e-04	-4.80864e-01	9.165015e-01	4.702226e-01	
93	5.193835e-04	-6.07447e-01	1.055287e+00	5.970535e-01	
94	5.273196e-04	-8.54061e-01	1.319688e+00	8.440227e-01	
95	5.355506e-04	-1.10759e+00	1.586744e+00	1.097767e+00	
96	5.520127e-04	-1.60510e+00	2.103771e+00	1.595738e+00	
97	5.672761e-04	-2.05116e+00	2.563102e+00	2.042197e+00	
98	5.872761e-04	-2.60649e+00	3.131509e+00	2.598235e+00	
99	6.072761e-04	-3.12072e+00	3.655729e+00	3.113208e+00	
100	6.272761e-04	-3.58573e+00	4.128860e+00	3.579152e+00	
101	6.472761e-04	-3.99420e+00	4.543920e+00	3.988589e+00	
102	6.672761e-04	-4.33967e+00	4.894865e+00	4.335193e+00	
103	6.872761e-04	-4.61670e+00	5.176296e+00	4.613377e+00	
104	7.072761e-04	-4.82093e+00	5.384067e+00	4.818870e+00	
105	7.272761e-04	-4.94912e+00	5.514906e+00	4.948325e+00	
106	7.472761e-04	-4.99927e+00	5.566920e+00	4.999802e+00	
107	7.672761e-04	-4.97057e+00	5.539217e+00	4.972394e+00	
108	7.872761e-04	-4.86349e+00	5.432312e+00	4.866627e+00	
109	8.072761e-04	-4.67970e+00	5.247753e+00	4.684081e+00	
110	8.272761e-04	-4.42211e+00	4.988432e+00	4.427718e+00	
111	8.472761e-04	-4.09479e+00	4.658208e+00	4.101507e+00	
112	8.672761e-04	-3.70289e+00	4.262129e+00	3.710664e+00	

Index   time            v(1)            v(5)            v(6)            
--------------------------------------------------------------------------------
113	8.872761e-04	-3.25258e+00	3.806025e+00	3.261289e+00	
114	9.072761e-04	-2.75099e+00	3.296616e+00	2.760537e+00	
115	9.272761e-04	-2.20601e+00	2.740987e+00	2.216251e+00	
116	9.472761e-04	-1.62624e+00	2.146303e+00	1.637089e+00	
117	9.672761e-04	-1.02082e+00	1.517561e+00	1.032205e+00	
118	9.872761e-04	-3.99306e-01	8.499421e-01	4.114607e-01	
119	9.953156e-04	-1.47144e-01	5.508621e-01	1.610937e-01	
120	9.988154e-04	-3.72152e-02	3.866405e-01	5.599496e-02	
121	1.000176e-03	5.522066e-03	2.885986e-01	2.653405e-02	
122	1.000920e-03	2.888916e-02	1.978480e-01	2.757096e-02	
123	1.001445e-03	4.540764e-02	9.793678e-02	3.874495e-02	
124	1.002002e-03	6.289250e-02	-4.93766e-02	5.345755e-02	
125	1.002363e-03	7.422918e-02	-1.64416e-01	5.914204e-02	
126	1.002560e-03	8.043638e-02	-2.29586e-01	5.359808e-02	
127	1.002735e-03	8.592525e-02	-2.82269e-01	3.940117e-02	
128	1.002945e-03	9.252901e-02	-3.29904e-01	1.929199e-02	
129	1.003030e-03	9.517231e-02	-3.42762e-01	1.293188e-02	
130	1.003108e-03	9.763835e-02	-3.51571e-01	8.676183e-03	
131	1.003214e-03	1.009716e-01	-3.59632e-01	4.900589e-03	
132	1.003360e-03	1.055466e-01	-3.65901e-01	2.498385e-03	
133	1.003431e-03	1.077764e-01	-3.67656e-01	2.081152e-03	
134	1.003491e-03	1.096565e-01	-3.68808e-01	1.935022e-03	
135	1.003561e-03	1.118554e-01	-3.69934e-01	1.877236e-03	
136	1.003639e-03	1.143086e-01	-3.71041e-01	1.897152e-03	
137	1.003720e-03	1.168512e-01	-3.72117e-01	1.940888e-03	
138	1.003810e-03	1.196744e-01	-3.73291e-01	1.983887e-03	
139	1.003914e-03	1.229370e-01	-3.74653e-01	2.002234e-03	
140	1.004047e-03	1.271309e-01	-3.76414e-01	1.982273e-03	
141	1.004235e-03	1.330163e-01	-3.78857e-01	1.904881e-03	
142	1.004516e-03	1.418614e-01	-3.82364e-01	1.767624e-03	
143	1.004840e-03	1.520233e-01	-3.86103e-01	1.632518e-03	
144	1.005195e-03	1.631806e-01	-3.89891e-01	1.513987e-03	
145	1.005884e-03	1.847945e-01	-3.96503e-01	1.322905e-03	
146	1.006618e-03	2.078529e-01	-4.02695e-01	1.169207e-03	
147	1.007809e-03	2.452220e-01	-4.11339e-01	9.765176e-04	
148	1.009124e-03	2.864938e-01	-4.19408e-01	8.365665e-04	
149	1.010637e-03	3.339334e-01	-4.27335e-01	7.096744e-04	
150	1.012406e-03	3.893548e-01	-4.35243e-01	6.071412e-04	
151	1.015671e-03	4.915385e-01	-4.47225e-01	4.694874e-04	
152	1.018684e-03	5.856188e-01	-4.56195e-01	3.998717e-04	
153	1.022404e-03	7.015232e-01	-4.65460e-01	3.222322e-04	
154	1.026630e-03	8.327129e-01	-4.74236e-01	2.753411e-04	
155	1.033014e-03	1.029739e+00	-4.85135e-01	2.103436e-04	
156	1.039604e-03	1.231387e+00	-4.94305e-01	1.797455e-04	
157	1.052783e-03	1.628008e+00	-5.08680e-01	1.184791e-04	
158	1.066152e-03	2.018904e+00	-5.19768e-01	9.956762e-05	
159	1.086152e-03	2.576293e+00	-5.32403e-01	5.641101e-05	
160	1.106152e-03	3.093053e+00	-5.41890e-01	4.886033e-05	
161	1.126152e-03	3.561034e+00	-5.49294e-01	2.095431e-05	
162	1.146152e-03	3.972855e+00	-5.54992e-01	1.868582e-05	
163	1.166152e-03	4.322021e+00	-5.59412e-01	-3.41808e-06	
164	1.186152e-03	4.603027e+00	-5.62709e-01	-3.65391e-06	
165	1.206152e-03	4.811440e+00	-5.65053e-01	-2.36927e-05	
166	1.226152e-03	4.943974e+00	-5.66478e-01	-2.35513e-05	
167	1.246152e-03	4.998539e+00	-5.67075e-01	-4.25382e-05	
168	1.266152e-03	4.974273e+00	-5.66819e-01	-4.27550e-05	
169	1.286152e-03	4.871561e+00	-5.65742e-01	-6.13165e-05	
170	1.306152e-03	4.692021e+00	-5.63772e-01	-6.24769e-05	

Index   time            v(1)            v(5)            v(6)            
--------------------------------------------------------------------------------
171	1.326152e-03	4.438484e+00	-5.60880e-01	-8.13104e-05	
172	1.346152e-03	4.114951e+00	-5.56922e-01	-8.43185e-05	
173	1.366152e-03	3.726522e+00	-5.51769e-01	-1.04789e-04	
174	1.386152e-03	3.279324e+00	-5.45123e-01	-1.11807e-04	
175	1.406152e-03	2.780408e+00	-5.36596e-01	-1.37688e-04	
176	1.426152e-03	2.237645e+00	-5.25418e-01	-1.55833e-04	
177	1.446152e-03	1.659592e+00	-5.10021e-01	-2.04969e-04	
178	1.466152e-03	1.055366e+00	-4.86936e-01	-2.75331e-04	
179	1.486152e-03	4.344966e-01	-4.42181e-01	-5.37529e-04	
180	1.493893e-03	1.918078e-01	-4.01847e-01	-1.19226e-03	
181	1.497524e-03	7.776821e-02	-3.59263e-01	-2.56816e-03	
182	1.498971e-03	3.232427e-02	-3.24313e-01	-5.20683e-03	
183	1.499731e-03	8.457016e-03	-2.91454e-01	-8.86974e-03	
184	1.500247e-03	-7.75318e-03	-2.55622e-01	-1.40478e-02	
185	1.500842e-03	-2.64478e-02	-1.86729e-01	-2.47236e-02	
186	1.501394e-03	-4.37809e-02	-8.39483e-02	-3.85456e-02	
187	1.501943e-03	-6.10346e-02	6.095722e-02	-5.26557e-02	
188	1.502322e-03	-7.29609e-02	1.816145e-01	-5.21548e-02	
189	1.502574e-03	-8.08709e-02	2.640378e-01	-3.01625e-02	
190	1.502886e-03	-9.06595e-02	3.526393e-01	1.711254e-02	
191	1.503082e-03	-9.68237e-02	3.950702e-01	4.506629e-02	
192	1.503228e-03	-1.01408e-01	4.190904e-01	6.182194e-02	
193	1.503414e-03	-1.07248e-01	4.422963e-01	7.839316e-02	
194	1.503659e-03	-1.14946e-01	4.641973e-01	9.420458e-02	
195	1.503819e-03	-1.19972e-01	4.750219e-01	1.020002e-01	
196	1.503984e-03	-1.25151e-01	4.846270e-01	1.089285e-01	
197	1.504196e-03	-1.31813e-01	4.956394e-01	1.168886e-01	
198	1.504409e-03	-1.38498e-01	5.058071e-01	1.242864e-01	
199	1.504685e-03	-1.47168e-01	5.183174e-01	1.334905e-01	
200	1.504989e-03	-1.56695e-01	5.315633e-01	1.433767e-01	
201	1.505429e-03	-1.70539e-01	5.502678e-01	1.575909e-01	
202	1.506004e-03	-1.88576e-01	5.739611e-01	1.759917e-01	
203	1.506993e-03	-2.19614e-01	6.134390e-01	2.075007e-01	
204	1.508562e-03	-2.68862e-01	6.737109e-01	2.572513e-01	
205	1.511202e-03	-3.51638e-01	7.708071e-01	3.405697e-01	
206	1.514103e-03	-4.42480e-01	8.737237e-01	4.317058e-01	
207	1.518312e-03	-5.74025e-01	1.018936e+00	5.635961e-01	
208	1.522920e-03	-7.17572e-01	1.174173e+00	7.073235e-01	
209	1.530815e-03	-9.62037e-01	1.433888e+00	9.521280e-01	
210	1.538947e-03	-1.21137e+00	1.695299e+00	1.201611e+00	
211	1.551189e-03	-1.58056e+00	2.078618e+00	1.571198e+00	
212	1.564003e-03	-1.95696e+00	2.466261e+00	1.947899e+00	
213	1.584003e-03	-2.51820e+00	3.041274e+00	2.509830e+00	
214	1.604003e-03	-3.03973e+00	3.573250e+00	3.032081e+00	
215	1.624003e-03	-3.51332e+00	4.055240e+00	3.506589e+00	
216	1.644003e-03	-3.93151e+00	4.480230e+00	3.925725e+00	
217	1.664003e-03	-4.28769e+00	4.842067e+00	4.283026e+00	
218	1.684003e-03	-4.57625e+00	5.135180e+00	4.572723e+00	
219	1.704003e-03	-4.79264e+00	5.355264e+00	4.790377e+00	
220	1.724003e-03	-4.93345e+00	5.498849e+00	4.932435e+00	
221	1.744003e-03	-4.99645e+00	5.563859e+00	4.996772e+00	
222	1.764003e-03	-4.98066e+00	5.549195e+00	4.982267e+00	
223	1.784003e-03	-4.88632e+00	5.455180e+00	4.889250e+00	
224	1.804003e-03	-4.71492e+00	5.283158e+00	4.719094e+00	
225	1.824003e-03	-4.46916e+00	5.035839e+00	4.474572e+00	
226	1.844003e-03	-4.15292e+00	4.716897e+00	4.159460e+00	
227	1.864003e-03	-3.77119e+00	4.331220e+00	3.778805e+00	
228	1.884003e-03	-3.32998e+00	3.884494e+00	3.338540e+00	

Index   time            v(1)            v(5)            v(6)            
--------------------------------------------------------------------------------
229	1.904003e-03	-2.83626e+00	3.383334e+00	2.845680e+00	
230	1.924003e-03	-2.29781e+00	2.834766e+00	2.307941e+00	
231	1.944003e-03	-1.72312e+00	2.246022e+00	1.733877e+00	
232	1.964003e-03	-1.12125e+00	1.622656e+00	1.132547e+00	
233	1.984003e-03	-5.01706e-01	9.633947e-01	5.136702e-01	
234	1.991872e-03	-2.55234e-01	6.845349e-01	2.681906e-01	
235	1.997434e-03	-8.06157e-02	4.582066e-01	9.611026e-02	
236	1.999460e-03	-1.69628e-02	3.468223e-01	3.991627e-02	
237	2.000522e-03	1.640924e-02	2.515259e-01	2.451374e-02	
238	2.001120e-03	3.518458e-02	1.639339e-01	3.107493e-02	
239	2.001638e-03	5.145748e-02	5.162979e-02	4.384553e-02	
240	2.002152e-03	6.758964e-02	-9.57878e-02	5.686236e-02	
241	2.002449e-03	7.693497e-02	-1.93076e-01	5.803034e-02	
242	2.002631e-03	8.265454e-02	-2.51848e-01	4.876291e-02	
243	2.002832e-03	8.898043e-02	-3.06790e-01	2.980183e-02	
244	2.002991e-03	9.396866e-02	-3.37319e-01	1.563047e-02	
245	2.003077e-03	9.667209e-02	-3.48407e-01	1.020367e-02	
246	2.003170e-03	9.958822e-02	-3.56710e-01	6.231709e-03	
247	2.003274e-03	1.028633e-01	-3.62681e-01	3.646087e-03	
248	2.003354e-03	1.053488e-01	-3.65570e-01	2.640402e-03	
249	2.003418e-03	1.073622e-01	-3.67255e-01	2.212376e-03	
250	2.003485e-03	1.094836e-01	-3.68636e-01	1.989042e-03	
251	2.003560e-03	1.118384e-01	-3.69883e-01	1.907033e-03	
252	2.003641e-03	1.143711e-01	-3.71047e-01	1.910491e-03	
253	2.003722e-03	1.169097e-01	-3.72134e-01	1.947454e-03	
254	2.003812e-03	1.197583e-01	-3.73326e-01	1.984285e-03	
255	2.003916e-03	1.230242e-01	-3.74693e-01	2.000508e-03	
256	2.004050e-03	1.272173e-01	-3.76453e-01	1.979147e-03	
257	2.004234e-03	1.329986e-01	-3.78852e-01	1.904412e-03	
258	2.004533e-03	1.423798e-01	-3.82562e-01	1.760002e-03	
259	2.004864e-03	1.527878e-01	-3.86372e-01	1.623678e-03	
260	2.005231e-03	1.643154e-01	-3.90261e-01	1.502608e-03	
261	2.005923e-03	1.860456e-01	-3.96859e-01	1.313635e-03	
262	2.006659e-03	2.091461e-01	-4.03021e-01	1.161416e-03	
263	2.007865e-03	2.469930e-01	-4.11714e-01	9.692850e-04	
264	2.009192e-03	2.886014e-01	-4.19788e-01	8.301029e-04	
265	2.010716e-03	3.363968e-01	-4.27714e-01	7.043961e-04	
266	2.012499e-03	3.922787e-01	-4.35628e-01	6.022928e-04	
267	2.015828e-03	4.964383e-01	-4.47735e-01	4.645741e-04	
268	2.018853e-03	5.909030e-01	-4.56655e-01	3.961845e-04	
269	2.022559e-03	7.063368e-01	-4.65811e-01	3.199497e-04	
270	2.026799e-03	8.379441e-01	-4.74557e-01	2.734215e-04	
271	2.033219e-03	1.036041e+00	-4.85448e-01	2.089886e-04	
272	2.039797e-03	1.237278e+00	-4.94550e-01	1.786964e-04	
273	2.052954e-03	1.633069e+00	-5.08840e-01	1.181365e-04	
274	2.066426e-03	2.026783e+00	-5.19969e-01	9.887557e-05	
275	2.086426e-03	2.583674e+00	-5.32552e-01	5.626684e-05	
276	2.106426e-03	3.099818e+00	-5.42004e-01	4.842970e-05	
277	2.126426e-03	3.567077e+00	-5.49383e-01	2.094351e-05	
278	2.146426e-03	3.978080e+00	-5.55061e-01	1.833408e-05	
279	2.166426e-03	4.326347e+00	-5.59464e-01	-3.38070e-06	
280	2.186426e-03	4.606385e+00	-5.62747e-01	-3.98407e-06	
281	2.206426e-03	4.813777e+00	-5.65078e-01	-2.36347e-05	
282	2.226426e-03	4.945253e+00	-5.66492e-01	-2.38762e-05	
283	2.246426e-03	4.998740e+00	-5.67077e-01	-4.24715e-05	
284	2.266426e-03	4.973393e+00	-5.66810e-01	-4.30835e-05	
285	2.286426e-03	4.869613e+00	-5.65722e-01	-6.12494e-05	
286	2.306426e-03	4.689036e+00	-5.63739e-01	-6.28173e-05	

Index   time            v(1)            v(5)            v(6)            
--------------------------------------------------------------------------------
287	2.326426e-03	4.434511e+00	-5.60833e-01	-8.12538e-05	
288	2.346426e-03	4.110050e+00	-5.56860e-01	-8.46855e-05	
289	2.366426e-03	3.720772e+00	-5.51688e-01	-1.04766e-04	
290	2.386426e-03	3.272815e+00	-5.45020e-01	-1.12239e-04	
291	2.406426e-03	2.773243e+00	-5.36463e-01	-1.37768e-04	
292	2.426426e-03	2.229936e+00	-5.25172e-01	-1.57514e-04	
293	2.446426e-03	1.651462e+00	-5.09767e-01	-2.03427e-04	
294	2.466426e-03	1.046942e+00	-4.86531e-01	-2.79235e-04	
295	2.486426e-03	4.259124e-01	-4.41179e-01	-5.42746e-04	
296	2.494169e-03	1.831553e-01	-3.99596e-01	-1.23665e-03	
297	2.497779e-03	6.978697e-02	-3.54383e-01	-2.77447e-03	
298	2.499157e-03	2.648672e-02	-3.17651e-01	-5.81917e-03	
299	2.499890e-03	3.459527e-03	-2.81888e-01	-1.01178e-02	
300	2.500408e-03	-1.28053e-02	-2.40505e-01	-1.63704e-02	
301	2.500987e-03	-3.10140e-02	-1.63803e-01	-2.81175e-02	
302	2.501564e-03	-4.91319e-02	-4.35131e-02	-4.31155e-02	
303	2.502124e-03	-6.67257e-02	1.166737e-01	-5.52656e-02	
304	2.502440e-03	-7.66525e-02	2.200726e-01	-4.48741e-02	
305	2.502691e-03	-8.45328e-02	2.994962e-01	-1.35842e-02	
306	2.502995e-03	-9.40866e-02	3.776041e-01	3.328207e-02	
307	2.503139e-03	-9.86192e-02	4.051412e-01	5.202372e-02	
308	2.503289e-03	-1.03313e-01	4.274329e-01	6.774765e-02	
309	2.503465e-03	-1.08851e-01	4.474722e-01	8.208363e-02	
310	2.503674e-03	-1.15398e-01	4.651648e-01	9.486761e-02	
311	2.503848e-03	-1.20884e-01	4.767880e-01	1.032704e-01	
312	2.504039e-03	-1.26870e-01	4.875940e-01	1.110714e-01	
313	2.504251e-03	-1.33528e-01	4.983165e-01	1.188298e-01	
314	2.504477e-03	-1.40645e-01	5.089644e-01	1.265992e-01	
315	2.504745e-03	-1.49040e-01	5.209506e-01	1.354430e-01	
316	2.505080e-03	-1.59577e-01	5.355025e-01	1.463468e-01	
317	2.505542e-03	-1.74061e-01	5.549467e-01	1.611902e-01	
318	2.506198e-03	-1.94668e-01	5.818264e-01	1.821902e-01	
319	2.507283e-03	-2.28719e-01	6.247706e-01	2.167157e-01	
320	2.509097e-03	-2.85627e-01	6.937018e-01	2.741645e-01	
321	2.511733e-03	-3.68281e-01	7.898694e-01	3.572599e-01	
322	2.515465e-03	-4.85092e-01	9.211894e-01	4.744623e-01	
323	2.519532e-03	-6.12073e-01	1.060309e+00	6.016874e-01	
324	2.527665e-03	-8.64754e-01	1.331031e+00	8.547285e-01	
325	2.535835e-03	-1.11631e+00	1.595875e+00	1.106496e+00	
326	2.552176e-03	-1.60995e+00	2.108788e+00	1.600600e+00	
327	2.567349e-03	-2.05325e+00	2.565237e+00	2.044289e+00	
328	2.587349e-03	-2.60845e+00	3.133503e+00	2.600193e+00	
329	2.607349e-03	-3.12251e+00	3.657552e+00	3.115001e+00	
330	2.627349e-03	-3.58733e+00	4.130484e+00	3.580753e+00	
331	2.647349e-03	-3.99557e+00	4.545320e+00	3.989971e+00	
332	2.667349e-03	-4.34081e+00	4.896022e+00	4.336335e+00	
333	2.687349e-03	-4.61758e+00	5.177190e+00	4.614261e+00	
334	2.707349e-03	-4.82153e+00	5.384686e+00	4.819483e+00	
335	2.727349e-03	-4.94945e+00	5.515240e+00	4.948655e+00	
336	2.747349e-03	-4.99931e+00	5.566964e+00	4.999846e+00	
337	2.767349e-03	-4.97032e+00	5.538970e+00	4.972150e+00	
338	2.787349e-03	-4.86295e+00	5.431779e+00	4.866099e+00	
339	2.807349e-03	-4.67889e+00	5.246940e+00	4.683277e+00	
340	2.827349e-03	-4.42104e+00	4.987354e+00	4.426653e+00	
341	2.847349e-03	-4.09347e+00	4.656879e+00	4.100195e+00	
342	2.867349e-03	-3.70134e+00	4.260570e+00	3.709128e+00	
343	2.887349e-03	-3.25084e+00	3.804259e+00	3.259551e+00	
344	2.907349e-03	-2.74908e+00	3.294669e+00	2.758625e+00	

Index   time            v(1)            v(5)            v(6)            
--------------------------------------------------------------------------------
345	2.927349e-03	-2.20395e+00	2.738884e+00	2.214196e+00	
346	2.947349e-03	-1.62407e+00	2.144070e+00	1.634924e+00	
347	2.967349e-03	-1.01858e+00	1.515207e+00	1.029963e+00	
348	2.987349e-03	-3.97022e-01	8.473818e-01	4.091808e-01	
349	2.995365e-03	-1.45591e-01	5.488319e-01	1.595651e-01	
350	2.998814e-03	-3.72742e-02	3.867961e-01	5.607605e-02	
351	3.000162e-03	5.095191e-03	2.899974e-01	2.672136e-02	
352	3.000901e-03	2.830255e-02	2.009102e-01	2.731458e-02	
353	3.001426e-03	4.479579e-02	1.024699e-01	3.824819e-02	
354	3.001986e-03	6.240091e-02	-4.45230e-02	5.306469e-02	
355	3.002355e-03	7.398362e-02	-1.61671e-01	5.917767e-02	
356	3.002555e-03	8.026293e-02	-2.27670e-01	5.394362e-02	
357	3.002729e-03	8.572447e-02	-2.80404e-01	4.006733e-02	
358	3.002941e-03	9.239688e-02	-3.29081e-01	1.967066e-02	
359	3.003027e-03	9.508254e-02	-3.42318e-01	1.314531e-02	
360	3.003105e-03	9.753936e-02	-3.51214e-01	8.860839e-03	
361	3.003212e-03	1.008876e-01	-3.59440e-01	4.987965e-03	
362	3.003357e-03	1.054611e-01	-3.65808e-01	2.531894e-03	
363	3.003427e-03	1.076418e-01	-3.67555e-01	2.102679e-03	
364	3.003486e-03	1.094980e-01	-3.68713e-01	1.946764e-03	
365	3.003555e-03	1.116895e-01	-3.69853e-01	1.879693e-03	
366	3.003634e-03	1.141589e-01	-3.70976e-01	1.894815e-03	
367	3.003714e-03	1.166775e-01	-3.72045e-01	1.937486e-03	
368	3.003804e-03	1.194881e-01	-3.73214e-01	1.981004e-03	
369	3.003906e-03	1.226893e-01	-3.74550e-01	2.001653e-03	
370	3.004037e-03	1.268210e-01	-3.76285e-01	1.984703e-03	
371	3.004218e-03	1.324822e-01	-3.78639e-01	1.913053e-03	
372	3.004508e-03	1.416093e-01	-3.82267e-01	1.771376e-03	
373	3.004832e-03	1.517881e-01	-3.86020e-01	1.635321e-03	
374	3.005184e-03	1.628461e-01	-3.89782e-01	1.517129e-03	
375	3.005825e-03	1.829533e-01	-3.95971e-01	1.337848e-03	
376	3.006571e-03	2.063783e-01	-4.02322e-01	1.177598e-03	
377	3.007927e-03	2.489343e-01	-4.12124e-01	9.589254e-04	
378	3.009205e-03	2.890258e-01	-4.19861e-01	8.309968e-04	
379	3.010522e-03	3.303088e-01	-4.26772e-01	7.180081e-04	
380	3.012183e-03	3.823548e-01	-4.34309e-01	6.187285e-04	
381	3.015504e-03	4.863163e-01	-4.46678e-01	4.741497e-04	
382	3.018514e-03	5.803273e-01	-4.55729e-01	4.040676e-04	
383	3.022264e-03	6.971780e-01	-4.65143e-01	3.239928e-04	
384	3.026407e-03	8.258029e-01	-4.73808e-01	2.781596e-04	
385	3.032846e-03	1.024572e+00	-4.84878e-01	2.111355e-04	
386	3.039327e-03	1.222950e+00	-4.93951e-01	1.815299e-04	
387	3.052288e-03	1.613298e+00	-5.08213e-01	1.196390e-04	
388	3.065786e-03	2.008368e+00	-5.19497e-01	1.004531e-04	
389	3.085786e-03	2.566422e+00	-5.32205e-01	5.667529e-05	
390	3.105786e-03	3.084001e+00	-5.41737e-01	4.934377e-05	
391	3.125786e-03	3.552944e+00	-5.49176e-01	2.108638e-05	
392	3.145786e-03	3.965855e+00	-5.54899e-01	1.901610e-05	
393	3.165786e-03	4.316222e+00	-5.59342e-01	-3.30498e-06	
394	3.185786e-03	4.598520e+00	-5.62657e-01	-3.39768e-06	
395	3.205786e-03	4.808296e+00	-5.65018e-01	-2.35634e-05	
396	3.225786e-03	4.942243e+00	-5.66459e-01	-2.33454e-05	
397	3.245786e-03	4.998247e+00	-5.67072e-01	-4.23783e-05	
398	3.265786e-03	4.975426e+00	-5.66831e-01	-4.25858e-05	
399	3.285786e-03	4.874140e+00	-5.65770e-01	-6.11167e-05	
400	3.305786e-03	4.695986e+00	-5.63816e-01	-6.23315e-05	
401	3.325786e-03	4.443773e+00	-5.60943e-01	-8.10580e-05	
402	3.345786e-03	4.121479e+00	-5.57005e-01	-8.41756e-05	

Index   time            v(1)            v(5)            v(6)            
--------------------------------------------------------------------------------
403	3.365786e-03	3.734187e+00	-5.51876e-01	-1.04455e-04	
404	3.385786e-03	3.288004e+00	-5.45260e-01	-1.11614e-04	
405	3.405786e-03	2.789968e+00	-5.36774e-01	-1.37182e-04	
406	3.425786e-03	2.247932e+00	-5.25653e-01	-1.55408e-04	
407	3.445786e-03	1.670445e+00	-5.10355e-01	-2.03830e-04	
408	3.465786e-03	1.066615e+00	-4.87474e-01	-2.73325e-04	
409	3.485786e-03	4.459626e-01	-4.43487e-01	-5.27774e-04	
410	3.493526e-03	2.033353e-01	-4.04702e-01	-1.14040e-03	
411	3.497167e-03	8.900312e-02	-3.65434e-01	-2.32466e-03	
412	3.498830e-03	3.677040e-02	-3.28775e-01	-4.75077e-03	
413	3.499635e-03	1.147660e-02	-2.96656e-01	-8.20931e-03	
414	3.500168e-03	-5.26442e-03	-2.62276e-01	-1.30487e-02	
415	3.500706e-03	-2.21659e-02	-2.06125e-01	-2.17979e-02	
416	3.501255e-03	-3.94240e-02	-1.14098e-01	-3.48784e-02	
417	3.501806e-03	-5.67272e-02	2.075492e-02	-4.94663e-02	
418	3.502248e-03	-7.06290e-02	1.568724e-01	-5.44784e-02	
419	3.502515e-03	-7.90194e-02	2.448469e-01	-3.74459e-02	
420	3.502781e-03	-8.73540e-02	3.252412e-01	5.744860e-04	
421	3.503062e-03	-9.62033e-02	3.913840e-01	4.254774e-02	
422	3.503217e-03	-1.01069e-01	4.176143e-01	6.079127e-02	
423	3.503394e-03	-1.06620e-01	4.402013e-01	7.688496e-02	
424	3.503579e-03	-1.12426e-01	4.578055e-01	8.955999e-02	
425	3.503743e-03	-1.17591e-01	4.700445e-01	9.839861e-02	
426	3.503919e-03	-1.23092e-01	4.809225e-01	1.062597e-01	
427	3.504133e-03	-1.29822e-01	4.924626e-01	1.145826e-01	
428	3.504345e-03	-1.36487e-01	5.028114e-01	1.221039e-01	
429	3.504594e-03	-1.44300e-01	5.142385e-01	1.304724e-01	
430	3.504878e-03	-1.53237e-01	5.267985e-01	1.398061e-01	
431	3.505276e-03	-1.65714e-01	5.438080e-01	1.526466e-01	
432	3.505787e-03	-1.81775e-01	5.651030e-01	1.690657e-01	
433	3.506634e-03	-2.08356e-01	5.992822e-01	1.960883e-01	
434	3.507913e-03	-2.48487e-01	6.490580e-01	2.366955e-01	
435	3.510430e-03	-3.27425e-01	7.428092e-01	3.162363e-01	
436	3.512976e-03	-4.07204e-01	8.340753e-01	3.963155e-01	
437	3.516658e-03	-5.22357e-01	9.623381e-01	5.118222e-01	
438	3.520685e-03	-6.48022e-01	1.099297e+00	6.376753e-01	
439	3.527527e-03	-8.60475e-01	1.326508e+00	8.504597e-01	
440	3.534593e-03	-1.07824e+00	1.556068e+00	1.068363e+00	
441	3.545265e-03	-1.40296e+00	1.894719e+00	1.393444e+00	
442	3.556467e-03	-1.73697e+00	2.239898e+00	1.727694e+00	
443	3.574839e-03	-2.26544e+00	2.782734e+00	2.256753e+00	
444	3.594839e-03	-2.80623e+00	3.335264e+00	2.798209e+00	
445	3.614839e-03	-3.30276e+00	3.841057e+00	3.295608e+00	
446	3.634839e-03	-3.74720e+00	4.292956e+00	3.740956e+00	
447	3.654839e-03	-4.13255e+00	4.684497e+00	4.127385e+00	
448	3.674839e-03	-4.45273e+00	5.009682e+00	4.448661e+00	
449	3.694839e-03	-4.70269e+00	5.263743e+00	4.699853e+00	
450	3.714839e-03	-4.87848e+00	5.442696e+00	4.876874e+00	
451	3.734839e-03	-4.97733e+00	5.543935e+00	4.977052e+00	
452	3.754839e-03	-4.99769e+00	5.565799e+00	4.998696e+00	
453	3.774839e-03	-4.93923e+00	5.508063e+00	4.941570e+00	
454	3.794839e-03	-4.80288e+00	5.371509e+00	4.806479e+00	
455	3.814839e-03	-4.59078e+00	5.158315e+00	4.595645e+00	
456	3.834839e-03	-4.30629e+00	4.871637e+00	4.312309e+00	
457	3.854839e-03	-3.95388e+00	4.515897e+00	3.961020e+00	
458	3.874839e-03	-3.53911e+00	4.096359e+00	3.547245e+00	
459	3.894839e-03	-3.06854e+00	3.619304e+00	3.077583e+00	
460	3.914839e-03	-2.54957e+00	3.091544e+00	2.559380e+00	

Index   time            v(1)            v(5)            v(6)            
--------------------------------------------------------------------------------
461	3.934839e-03	-1.99039e+00	2.520360e+00	2.000880e+00	
462	3.954839e-03	-1.39982e+00	1.912518e+00	1.410859e+00	
463	3.974839e-03	-7.87175e-01	1.271037e+00	7.987959e-01	
464	3.994839e-03	-1.62117e-01	5.694828e-01	1.751655e-01	
465	4.000813e-03	2.553655e-02	5.293545e-02	2.162049e-02	
466	4.003506e-03	1.101286e-01	-3.33660e-01	2.311441e-02	
467	4.004365e-03	1.371176e-01	-3.93446e-01	-6.51816e-03	
468	4.004672e-03	1.467545e-01	-3.87348e-01	-1.38317e-03	
469	4.004769e-03	1.497875e-01	-3.85686e-01	2.021984e-03	
470	4.004800e-03	1.507699e-01	-3.85558e-01	1.665253e-03	
471	4.004833e-03	1.518002e-01	-3.85577e-01	2.025225e-03	
472	4.004866e-03	1.528549e-01	-3.85722e-01	2.141780e-03	
473	4.004905e-03	1.540705e-01	-3.86010e-01	2.225994e-03	
474	4.004961e-03	1.558210e-01	-3.86577e-01	2.224220e-03	
475	4.005025e-03	1.578518e-01	-3.87367e-01	2.126539e-03	
476	4.005097e-03	1.601140e-01	-3.88308e-01	1.966329e-03	
477	4.005172e-03	1.624627e-01	-3.89278e-01	1.798892e-03	
478	4.005258e-03	1.651565e-01	-3.90333e-01	1.639840e-03	
479	4.005355e-03	1.682006e-01	-3.91437e-01	1.514304e-03	
480	4.005478e-03	1.720588e-01	-3.92720e-01	1.422454e-03	
481	4.005652e-03	1.775207e-01	-3.94396e-01	1.362666e-03	
482	4.005829e-03	1.830708e-01	-3.96010e-01	1.330575e-03	
483	4.006075e-03	1.908199e-01	-3.98186e-01	1.283439e-03	
484	4.006306e-03	1.980567e-01	-4.00146e-01	1.234167e-03	
485	4.006761e-03	2.123320e-01	-4.03806e-01	1.144109e-03	
486	4.007670e-03	2.408771e-01	-4.10405e-01	1.000602e-03	
487	4.008642e-03	2.713714e-01	-4.16604e-01	8.847883e-04	
488	4.010117e-03	3.176337e-01	-4.24753e-01	7.459507e-04	
489	4.011752e-03	3.688650e-01	-4.32458e-01	6.439244e-04	
490	4.013737e-03	4.310254e-01	-4.40475e-01	5.433826e-04	
491	4.016104e-03	5.050527e-01	-4.48608e-01	4.635280e-04	
492	4.019711e-03	6.176718e-01	-4.58935e-01	3.707516e-04	
493	4.023747e-03	7.432581e-01	-4.68414e-01	3.089945e-04	
494	4.029484e-03	9.209930e-01	-4.79410e-01	2.399608e-04	
495	4.035963e-03	1.120226e+00	-4.89449e-01	1.980721e-04	
496	4.048921e-03	1.512797e+00	-5.04900e-01	1.312307e-04	
497	4.060998e-03	1.869748e+00	-5.15805e-01	1.095648e-04	
498	4.080998e-03	2.436205e+00	-5.29504e-01	6.319796e-05	
499	4.100998e-03	2.964242e+00	-5.39676e-01	5.334552e-05	
500	4.120998e-03	3.445531e+00	-5.47580e-01	2.506297e-05	
501	4.140998e-03	3.872482e+00	-5.53656e-01	2.151257e-05	
502	4.160998e-03	4.238362e+00	-5.58387e-01	-2.29922e-07	
503	4.180998e-03	4.537400e+00	-5.61954e-01	-1.30549e-06	
504	4.200998e-03	4.764881e+00	-5.64539e-01	-2.08748e-05	
505	4.220998e-03	4.917217e+00	-5.66191e-01	-2.13553e-05	
506	4.240998e-03	4.992005e+00	-5.67004e-01	-3.98574e-05	
507	4.260998e-03	4.988066e+00	-5.66962e-01	-4.05381e-05	
508	4.280998e-03	4.905463e+00	-5.66104e-01	-5.86184e-05	
509	4.300998e-03	4.745497e+00	-5.64364e-01	-6.00834e-05	
510	4.320998e-03	4.510692e+00	-5.61723e-01	-7.84006e-05	
511	4.340998e-03	4.204751e+00	-5.58048e-01	-8.14830e-05	
512	4.360998e-03	3.832498e+00	-5.53227e-01	-1.01258e-04	
513	4.380998e-03	3.399805e+00	-5.46994e-01	-1.07861e-04	
514	4.400998e-03	2.913495e+00	-5.39010e-01	-1.32342e-04	
515	4.420998e-03	2.381237e+00	-5.28609e-01	-1.48442e-04	
516	4.440998e-03	1.811425e+00	-5.14504e-01	-1.91977e-04	
517	4.460998e-03	1.213047e+00	-4.94014e-01	-2.48207e-04	
518	4.480998e-03	5.955374e-01	-4.58059e-01	-4.29856e-04	

Index   time            v(1)            v(5)            v(6)            
--------------------------------------------------------------------------------
519	4.488747e-03	3.532315e-01	-4.31976e-01	-7.31150e-04	
520	4.494125e-03	1.845275e-01	-3.99984e-01	-1.22406e-03	
521	4.496543e-03	1.085945e-01	-3.74904e-01	-2.12252e-03	
522	4.498068e-03	6.068542e-02	-3.48789e-01	-3.35128e-03	
523	4.498861e-03	3.577985e-02	-3.28210e-01	-5.00265e-03	
524	4.499496e-03	1.583915e-02	-3.03790e-01	-7.47642e-03	
525	4.500009e-03	-2.75032e-04	-2.74382e-01	-1.13078e-02	
526	4.500486e-03	-1.52530e-02	-2.32763e-01	-1.76925e-02	
527	4.500982e-03	-3.08643e-02	-1.65205e-01	-2.79989e-02	
528	4.501582e-03	-4.97028e-02	-3.95365e-02	-4.36170e-02	
529	4.502133e-03	-6.69933e-02	1.188374e-01	-5.53328e-02	
530	4.502445e-03	-7.68212e-02	2.213428e-01	-4.45820e-02	
531	4.502697e-03	-8.47192e-02	3.008391e-01	-1.29007e-02	
532	4.502999e-03	-9.42239e-02	3.782831e-01	3.372180e-02	
533	4.503143e-03	-9.87266e-02	4.055384e-01	5.229381e-02	
534	4.503293e-03	-1.03440e-01	4.278430e-01	6.803273e-02	
535	4.503469e-03	-1.08981e-01	4.478058e-01	8.232059e-02	
536	4.503676e-03	-1.15470e-01	4.652922e-01	9.495688e-02	
537	4.503851e-03	-1.20958e-01	4.769095e-01	1.033568e-01	
538	4.504042e-03	-1.26957e-01	4.877294e-01	1.111677e-01	
539	4.504253e-03	-1.33610e-01	4.984378e-01	1.189177e-01	
540	4.504480e-03	-1.40737e-01	5.090958e-01	1.266950e-01	
541	4.504748e-03	-1.49132e-01	5.210796e-01	1.355390e-01	
542	4.505084e-03	-1.59705e-01	5.356776e-01	1.464788e-01	
543	4.505545e-03	-1.74171e-01	5.550928e-01	1.613031e-01	
544	4.506205e-03	-1.94898e-01	5.821219e-01	1.824237e-01	
545	4.507287e-03	-2.28853e-01	6.249372e-01	2.168520e-01	
546	4.509123e-03	-2.86446e-01	6.946742e-01	2.749892e-01	
547	4.511734e-03	-3.68291e-01	7.898792e-01	3.572685e-01	
548	4.515537e-03	-4.87333e-01	9.236738e-01	4.767106e-01	
549	4.519532e-03	-6.12083e-01	1.060317e+00	6.016949e-01	
550	4.527523e-03	-8.60347e-01	1.326358e+00	8.503171e-01	
551	4.535435e-03	-1.10406e+00	1.583042e+00	1.094229e+00	
552	4.551261e-03	-1.58270e+00	2.080636e+00	1.573327e+00	
553	4.565954e-03	-2.01322e+00	2.524134e+00	2.004215e+00	
554	4.585954e-03	-2.57097e+00	3.095226e+00	2.562661e+00	
555	4.605954e-03	-3.08817e+00	3.622583e+00	3.080601e+00	
556	4.625954e-03	-3.55667e+00	4.099312e+00	3.550027e+00	
557	4.645954e-03	-3.96908e+00	4.518404e+00	3.963403e+00	
558	4.665954e-03	-4.31889e+00	4.873765e+00	4.314344e+00	
559	4.685954e-03	-4.60060e+00	5.159928e+00	4.597192e+00	
560	4.705954e-03	-4.80975e+00	5.372682e+00	4.807607e+00	
561	4.725954e-03	-4.94304e+00	5.508676e+00	4.942159e+00	
562	4.745954e-03	-4.99838e+00	5.565941e+00	4.998832e+00	
563	4.765954e-03	-4.97490e+00	5.543503e+00	4.976635e+00	
564	4.785954e-03	-4.87296e+00	5.441799e+00	4.876011e+00	
565	4.805954e-03	-4.69416e+00	5.262294e+00	4.698461e+00	
566	4.825954e-03	-4.44134e+00	5.007808e+00	4.446867e+00	
567	4.845954e-03	-4.11848e+00	4.682124e+00	4.125122e+00	
568	4.865954e-03	-3.73066e+00	4.290227e+00	3.738374e+00	
569	4.885954e-03	-3.28401e+00	3.837890e+00	3.292656e+00	
570	4.905954e-03	-2.78557e+00	3.331789e+00	2.795065e+00	
571	4.925954e-03	-2.24320e+00	2.778988e+00	2.253396e+00	
572	4.945954e-03	-1.66545e+00	2.186684e+00	1.676264e+00	
573	4.965954e-03	-1.06144e+00	1.560114e+00	1.072783e+00	
574	4.985954e-03	-4.40685e-01	8.960747e-01	4.527559e-01	
575	4.994066e-03	-1.86378e-01	6.009059e-01	1.998639e-01	
576	4.998069e-03	-6.06743e-02	4.273862e-01	7.745960e-02	

Index   time            v(1)            v(5)            v(6)            
--------------------------------------------------------------------------------
577	5.000000e-03	-6.12323e-15	3.030459e-01	2.831118e-02	
