
Circuit: half wave precision rectifier

                         half wave precision rectifier
                         Transient Analysis  Sat Jan 29 13:17:03  2022
--------------------------------------------------------------------------------
Index   time            v(1)            v(5)            v(6)            
--------------------------------------------------------------------------------
0	0.000000e+00	0.000000e+00	1.283456e-01	7.612140e-05	
1	2.000000e-07	6.283184e-03	1.237701e-01	5.046901e-03	
2	2.054101e-07	6.453145e-03	1.236429e-01	5.184499e-03	
3	2.162302e-07	6.793069e-03	1.233813e-01	5.464755e-03	
4	2.378704e-07	7.472916e-03	1.228139e-01	6.043750e-03	
5	2.811509e-07	8.832610e-03	1.214853e-01	7.217839e-03	
6	3.677118e-07	1.155200e-02	1.179696e-01	9.540692e-03	
7	4.757255e-07	1.494534e-02	1.118657e-01	1.239889e-02	
8	6.340671e-07	1.991975e-02	9.935430e-02	1.657575e-02	
9	8.735658e-07	2.744374e-02	7.239056e-02	2.292485e-02	
10	1.352563e-06	4.249152e-02	-9.67122e-03	3.566944e-02	
11	1.744476e-06	5.480322e-02	-1.02858e-01	4.459957e-02	
12	1.995510e-06	6.268915e-02	-1.72639e-01	4.497017e-02	
13	2.223668e-06	6.985633e-02	-2.39055e-01	3.341798e-02	
14	2.519880e-06	7.916106e-02	-3.19053e-01	-4.02922e-04	
15	2.818148e-06	8.853009e-02	-3.81813e-01	-3.81883e-02	
16	2.985167e-06	9.377629e-02	-4.07305e-01	-5.51601e-02	
17	3.195286e-06	1.003761e-01	-4.31389e-01	-7.17446e-02	
18	3.385763e-06	1.063588e-01	-4.47765e-01	-8.31271e-02	
19	3.563102e-06	1.119288e-01	-4.60067e-01	-9.17612e-02	
20	3.757349e-06	1.180296e-01	-4.71577e-01	-9.98463e-02	
21	3.986011e-06	1.252111e-01	-4.83594e-01	-1.08342e-01	
22	4.233461e-06	1.329824e-01	-4.95565e-01	-1.16893e-01	
23	4.512735e-06	1.417528e-01	-5.08384e-01	-1.26186e-01	
24	4.863458e-06	1.527662e-01	-5.23891e-01	-1.37627e-01	
25	5.332596e-06	1.674971e-01	-5.43979e-01	-1.52771e-01	
26	6.018790e-06	1.890408e-01	-5.72413e-01	-1.74766e-01	
27	7.087148e-06	2.225757e-01	-6.15067e-01	-2.08808e-01	
28	8.905005e-06	2.796130e-01	-6.84563e-01	-2.66425e-01	
29	1.126217e-05	3.535164e-01	-7.71015e-01	-3.40745e-01	
30	1.510878e-05	4.739436e-01	-9.06979e-01	-4.61618e-01	
31	1.865147e-05	5.846130e-01	-1.02863e+00	-5.72495e-01	
32	2.573687e-05	8.050283e-01	-1.26580e+00	-7.93267e-01	
33	3.243049e-05	1.011798e+00	-1.48459e+00	-1.00019e+00	
34	4.374975e-05	1.357195e+00	-1.84532e+00	-1.34597e+00	
35	5.534324e-05	1.703831e+00	-2.20401e+00	-1.69283e+00	
36	7.423223e-05	2.248435e+00	-2.76369e+00	-2.23807e+00	
37	9.173973e-05	2.725120e+00	-3.25078e+00	-2.71531e+00	
38	1.117397e-04	3.229041e+00	-3.76432e+00	-3.22009e+00	
39	1.317397e-04	3.682039e+00	-4.22503e+00	-3.67396e+00	
40	1.517397e-04	4.076968e+00	-4.62635e+00	-4.06996e+00	
41	1.717397e-04	4.407601e+00	-4.96214e+00	-4.40168e+00	
42	1.917397e-04	4.668724e+00	-5.22752e+00	-4.66403e+00	
43	2.117397e-04	4.856218e+00	-5.41831e+00	-4.85274e+00	
44	2.317397e-04	4.967127e+00	-5.53173e+00	-4.96498e+00	
45	2.517397e-04	4.999701e+00	-5.56594e+00	-4.99883e+00	
46	2.717397e-04	4.953427e+00	-5.52052e+00	-4.95390e+00	
47	2.917397e-04	4.829035e+00	-5.39606e+00	-4.83076e+00	
48	3.117397e-04	4.628485e+00	-5.19457e+00	-4.63149e+00	
49	3.317397e-04	4.354942e+00	-4.91901e+00	-4.35911e+00	
50	3.517397e-04	4.012718e+00	-4.57365e+00	-4.01803e+00	
51	3.717397e-04	3.607212e+00	-4.16360e+00	-3.61352e+00	
52	3.917397e-04	3.144818e+00	-3.69503e+00	-3.15206e+00	
53	4.117397e-04	2.632828e+00	-3.17464e+00	-2.64085e+00	
54	4.317397e-04	2.079317e+00	-2.60971e+00	-2.08804e+00	

Index   time            v(1)            v(5)            v(6)            
--------------------------------------------------------------------------------
55	4.517397e-04	1.493014e+00	-2.00714e+00	-1.50230e+00	
56	4.717397e-04	8.831646e-01	-1.37096e+00	-8.93018e-01	
57	4.917397e-04	2.593876e-01	-6.86991e-01	-2.70272e-01	
58	4.978129e-04	6.870611e-02	-4.37359e-01	-8.32243e-02	
59	5.004785e-04	-1.50313e-02	-2.30669e-01	-2.14851e-02	
60	5.015302e-04	-4.80705e-02	-4.74993e-02	-4.18801e-02	
61	5.020967e-04	-6.58672e-02	1.113001e-01	-5.66930e-02	
62	5.023411e-04	-7.35441e-02	1.907791e-01	-5.67116e-02	
63	5.025386e-04	-7.97480e-02	2.534254e-01	-4.75907e-02	
64	5.027448e-04	-8.62246e-02	3.082576e-01	-2.84639e-02	
65	5.029060e-04	-9.12910e-02	3.381100e-01	-1.48321e-02	
66	5.029908e-04	-9.39526e-02	3.485401e-01	-9.69218e-03	
67	5.030866e-04	-9.69618e-02	3.567055e-01	-5.91006e-03	
68	5.031922e-04	-1.00280e-01	3.624330e-01	-3.47209e-03	
69	5.032673e-04	-1.02637e-01	3.650620e-01	-2.61713e-03	
70	5.033328e-04	-1.04696e-01	3.667500e-01	-2.19910e-03	
71	5.034021e-04	-1.06871e-01	3.681477e-01	-1.99421e-03	
72	5.034790e-04	-1.09286e-01	3.694240e-01	-1.91510e-03	
73	5.035605e-04	-1.11846e-01	3.706109e-01	-1.91975e-03	
74	5.036434e-04	-1.14452e-01	3.717446e-01	-1.95004e-03	
75	5.037369e-04	-1.17388e-01	3.729955e-01	-1.97961e-03	
76	5.038456e-04	-1.20800e-01	3.744477e-01	-1.98533e-03	
77	5.039859e-04	-1.25208e-01	3.763216e-01	-1.95290e-03	
78	5.041861e-04	-1.31495e-01	3.789436e-01	-1.86333e-03	
79	5.044794e-04	-1.40705e-01	3.825873e-01	-1.72079e-03	
80	5.048174e-04	-1.51322e-01	3.864692e-01	-1.58322e-03	
81	5.052081e-04	-1.63589e-01	3.905933e-01	-1.45550e-03	
82	5.059895e-04	-1.88121e-01	3.979440e-01	-1.24654e-03	
83	5.067232e-04	-2.11151e-01	4.039638e-01	-1.10240e-03	
84	5.078659e-04	-2.47013e-01	4.120982e-01	-9.24818e-04	
85	5.091445e-04	-2.87126e-01	4.198552e-01	-7.91111e-04	
86	5.106995e-04	-3.35881e-01	4.279237e-01	-6.63205e-04	
87	5.125568e-04	-3.94073e-01	4.361147e-01	-5.58347e-04	
88	5.156946e-04	-4.92262e-01	4.475080e-01	-4.29778e-04	
89	5.188664e-04	-5.91318e-01	4.568732e-01	-3.54887e-04	
90	5.231529e-04	-7.24807e-01	4.672870e-01	-2.71908e-04	
91	5.277043e-04	-8.65968e-01	4.763788e-01	-2.24779e-04	
92	5.347940e-04	-1.08440e+00	4.879048e-01	-1.59182e-04	
93	5.418943e-04	-1.30100e+00	4.972334e-01	-1.30305e-04	
94	5.560948e-04	-1.72601e+00	5.117795e-01	-7.05959e-05	
95	5.701942e-04	-2.13442e+00	5.227214e-01	-5.38885e-05	
96	5.901942e-04	-2.68428e+00	5.346044e-01	-1.30991e-05	
97	6.101942e-04	-3.19182e+00	5.435925e-01	-6.90044e-06	
98	6.301942e-04	-3.64902e+00	5.506266e-01	2.055214e-05	
99	6.501942e-04	-4.04867e+00	5.560394e-01	2.208050e-05	
100	6.701942e-04	-4.38447e+00	5.602225e-01	4.431037e-05	
101	6.901942e-04	-4.65112e+00	5.633127e-01	4.403597e-05	
102	7.101942e-04	-4.84443e+00	5.654695e-01	6.435893e-05	
103	7.301942e-04	-4.96133e+00	5.667202e-01	6.378790e-05	
104	7.501942e-04	-5.00000e+00	5.671482e-01	8.314724e-05	
105	7.701942e-04	-4.95981e+00	5.667235e-01	8.297889e-05	
106	7.901942e-04	-4.84139e+00	5.654746e-01	1.019861e-04	
107	8.101942e-04	-4.64663e+00	5.633209e-01	1.028158e-04	
108	8.301942e-04	-4.37859e+00	5.602289e-01	1.221996e-04	
109	8.501942e-04	-4.04150e+00	5.560430e-01	1.249997e-04	
110	8.701942e-04	-3.64066e+00	5.506189e-01	1.462487e-04	
111	8.901942e-04	-3.18242e+00	5.436339e-01	1.534192e-04	
112	9.101942e-04	-2.67398e+00	5.346537e-01	1.807824e-04	

Index   time            v(1)            v(5)            v(6)            
--------------------------------------------------------------------------------
113	9.301942e-04	-2.12337e+00	5.227314e-01	2.017346e-04	
114	9.501942e-04	-1.53928e+00	5.062623e-01	2.529178e-04	
115	9.701942e-04	-9.30913e-01	4.807021e-01	3.425631e-04	
116	9.901942e-04	-3.07863e-01	4.252626e-01	7.108967e-04	
117	9.965265e-04	-1.09113e-01	3.755212e-01	1.918104e-03	
118	9.992751e-04	-2.27743e-02	3.130640e-01	5.414696e-03	
119	1.000324e-03	1.017595e-02	2.510630e-01	1.415078e-02	
120	1.000930e-03	2.921543e-02	1.796116e-01	2.554219e-02	
121	1.001431e-03	4.495687e-02	8.569613e-02	3.818985e-02	
122	1.001970e-03	6.190085e-02	-5.52228e-02	5.213855e-02	
123	1.002361e-03	7.417574e-02	-1.78651e-01	5.244858e-02	
124	1.002613e-03	8.209158e-02	-2.61137e-01	3.129953e-02	
125	1.002915e-03	9.157653e-02	-3.47891e-01	-1.41742e-02	
126	1.003121e-03	9.803268e-02	-3.93136e-01	-4.37528e-02	
127	1.003268e-03	1.026706e-01	-4.17766e-01	-6.08972e-02	
128	1.003457e-03	1.086023e-01	-4.41574e-01	-7.78777e-02	
129	1.003685e-03	1.157515e-01	-4.62244e-01	-9.27904e-02	
130	1.003836e-03	1.204912e-01	-4.72766e-01	-1.00366e-01	
131	1.003998e-03	1.255812e-01	-4.82473e-01	-1.07366e-01	
132	1.004213e-03	1.323361e-01	-4.93850e-01	-1.15582e-01	
133	1.004422e-03	1.389092e-01	-5.03957e-01	-1.22926e-01	
134	1.004692e-03	1.473772e-01	-5.16262e-01	-1.31959e-01	
135	1.004983e-03	1.565227e-01	-5.29042e-01	-1.41474e-01	
136	1.005407e-03	1.698235e-01	-5.47092e-01	-1.55148e-01	
137	1.005946e-03	1.867436e-01	-5.69419e-01	-1.72424e-01	
138	1.006869e-03	2.157282e-01	-6.06481e-01	-2.01870e-01	
139	1.008300e-03	2.606240e-01	-6.61773e-01	-2.47256e-01	
140	1.010872e-03	3.413039e-01	-7.56965e-01	-3.28506e-01	
141	1.013633e-03	4.277844e-01	-8.55379e-01	-4.15288e-01	
142	1.017636e-03	5.529093e-01	-9.94036e-01	-5.40765e-01	
143	1.022021e-03	6.896014e-01	-1.14233e+00	-6.77641e-01	
144	1.029542e-03	9.227641e-01	-1.39068e+00	-9.11143e-01	
145	1.037292e-03	1.160870e+00	-1.64082e+00	-1.14939e+00	
146	1.048963e-03	1.514062e+00	-2.00812e+00	-1.50297e+00	
147	1.061194e-03	1.875454e+00	-2.38076e+00	-1.86464e+00	
148	1.080927e-03	2.434250e+00	-2.95376e+00	-2.42410e+00	
149	1.100927e-03	2.962439e+00	-3.49281e+00	-2.95299e+00	
150	1.120927e-03	3.443909e+00	-3.98295e+00	-3.43536e+00	
151	1.140927e-03	3.871066e+00	-4.41713e+00	-3.86345e+00	
152	1.160927e-03	4.237174e+00	-4.78907e+00	-4.23067e+00	
153	1.180927e-03	4.536459e+00	-5.09306e+00	-4.53108e+00	
154	1.200927e-03	4.764202e+00	-5.32463e+00	-4.76008e+00	
155	1.220927e-03	4.916810e+00	-5.48015e+00	-4.91393e+00	
156	1.240927e-03	4.991878e+00	-5.55735e+00	-4.99032e+00	
157	1.260927e-03	4.988220e+00	-5.55494e+00	-4.98795e+00	
158	1.280927e-03	4.905895e+00	-5.47308e+00	-4.90696e+00	
159	1.300927e-03	4.746202e+00	-5.31290e+00	-4.74851e+00	
160	1.320927e-03	4.511658e+00	-5.07696e+00	-4.51521e+00	
161	1.340927e-03	4.205962e+00	-4.76873e+00	-4.21066e+00	
162	1.360927e-03	3.833936e+00	-4.39297e+00	-3.83972e+00	
163	1.380927e-03	3.401446e+00	-3.95522e+00	-3.40819e+00	
164	1.400927e-03	2.915314e+00	-3.46198e+00	-2.92294e+00	
165	1.420927e-03	2.383205e+00	-2.92022e+00	-2.39156e+00	
166	1.440927e-03	1.813512e+00	-2.33721e+00	-1.82251e+00	
167	1.460927e-03	1.215219e+00	-1.71888e+00	-1.22476e+00	
168	1.480927e-03	5.977604e-01	-1.06621e+00	-6.07913e-01	
169	1.488799e-03	3.515886e-01	-7.94207e-01	-3.62418e-01	
170	1.494170e-03	1.831156e-01	-5.94788e-01	-1.94993e-01	

Index   time            v(1)            v(5)            v(6)            
--------------------------------------------------------------------------------
171	1.497355e-03	8.309168e-02	-4.60196e-01	-9.74080e-02	
172	1.498875e-03	3.533831e-02	-3.81532e-01	-5.38230e-02	
173	1.499711e-03	9.076243e-03	-3.26034e-01	-3.39091e-02	
174	1.500263e-03	-8.25403e-03	-2.77668e-01	-2.59865e-02	
175	1.500785e-03	-2.46638e-02	-2.13504e-01	-2.67395e-02	
176	1.501343e-03	-4.21833e-02	-1.11952e-01	-3.74246e-02	
177	1.501874e-03	-5.88646e-02	2.412371e-02	-5.15014e-02	
178	1.502257e-03	-7.09123e-02	1.442770e-01	-5.92009e-02	
179	1.502467e-03	-7.74887e-02	2.138534e-01	-5.61350e-02	
180	1.502636e-03	-8.28115e-02	2.671826e-01	-4.44941e-02	
181	1.502864e-03	-8.99734e-02	3.233624e-01	-2.24527e-02	
182	1.502962e-03	-9.30351e-02	3.397848e-01	-1.44183e-02	
183	1.503038e-03	-9.54477e-02	3.492451e-01	-9.86320e-03	
184	1.503152e-03	-9.90061e-02	3.587277e-01	-5.32235e-03	
185	1.503274e-03	-1.02838e-01	3.646690e-01	-2.91805e-03	
186	1.503342e-03	-1.04977e-01	3.667147e-01	-2.29629e-03	
187	1.503403e-03	-1.06907e-01	3.681131e-01	-2.01964e-03	
188	1.503473e-03	-1.09084e-01	3.693769e-01	-1.87612e-03	
189	1.503554e-03	-1.11639e-01	3.706178e-01	-1.84924e-03	
190	1.503630e-03	-1.14035e-01	3.716643e-01	-1.87748e-03	
191	1.503716e-03	-1.16744e-01	3.727999e-01	-1.92212e-03	
192	1.503808e-03	-1.19631e-01	3.740009e-01	-1.95248e-03	
193	1.503926e-03	-1.23339e-01	3.755521e-01	-1.95554e-03	
194	1.504073e-03	-1.27952e-01	3.774818e-01	-1.91387e-03	
195	1.504316e-03	-1.35584e-01	3.805900e-01	-1.80101e-03	
196	1.504583e-03	-1.43964e-01	3.838120e-01	-1.67593e-03	
197	1.504923e-03	-1.54644e-01	3.876206e-01	-1.54649e-03	
198	1.505331e-03	-1.67460e-01	3.918262e-01	-1.41878e-03	
199	1.506148e-03	-1.93089e-01	3.993073e-01	-1.21173e-03	
200	1.506922e-03	-2.17398e-01	4.054755e-01	-1.06585e-03	
201	1.508163e-03	-2.56323e-01	4.140074e-01	-8.90682e-04	
202	1.509562e-03	-3.00232e-01	4.221549e-01	-7.51839e-04	
203	1.511414e-03	-3.58288e-01	4.312380e-01	-6.17455e-04	
204	1.513525e-03	-4.24393e-01	4.399107e-01	-5.14170e-04	
205	1.516870e-03	-5.28993e-01	4.511876e-01	-3.95985e-04	
206	1.519940e-03	-6.24784e-01	4.596866e-01	-3.33449e-04	
207	1.523952e-03	-7.49651e-01	4.690098e-01	-2.61266e-04	
208	1.528486e-03	-8.90130e-01	4.777871e-01	-2.16923e-04	
209	1.535114e-03	-1.09421e+00	4.883652e-01	-1.57990e-04	
210	1.541973e-03	-1.30339e+00	4.973281e-01	-1.29327e-04	
211	1.555691e-03	-1.71411e+00	5.114222e-01	-7.25144e-05	
212	1.569079e-03	-2.10269e+00	5.219484e-01	-5.51414e-05	
213	1.589079e-03	-2.65467e+00	5.340283e-01	-1.49904e-05	
214	1.609079e-03	-3.16478e+00	5.431501e-01	-7.23502e-06	
215	1.629079e-03	-3.62499e+00	5.502821e-01	1.916829e-05	
216	1.649079e-03	-4.02802e+00	5.557727e-01	2.201918e-05	
217	1.669079e-03	-4.36753e+00	5.600190e-01	4.312351e-05	
218	1.689079e-03	-4.63816e+00	5.631663e-01	4.403912e-05	
219	1.709079e-03	-4.83564e+00	5.653733e-01	6.326579e-05	
220	1.729079e-03	-4.95687e+00	5.666728e-01	6.379352e-05	
221	1.749079e-03	-4.99992e+00	5.671464e-01	8.210147e-05	
222	1.769079e-03	-4.96412e+00	5.667690e-01	8.295231e-05	
223	1.789079e-03	-4.85003e+00	5.655672e-01	1.009541e-04	
224	1.809079e-03	-4.65945e+00	5.634652e-01	1.027224e-04	
225	1.829079e-03	-4.39539e+00	5.604284e-01	1.211349e-04	
226	1.849079e-03	-4.06202e+00	5.563072e-01	1.247755e-04	
227	1.869079e-03	-3.66458e+00	5.509587e-01	1.450490e-04	
228	1.889079e-03	-3.20935e+00	5.440705e-01	1.528942e-04	

Index   time            v(1)            v(5)            v(6)            
--------------------------------------------------------------------------------
229	1.909079e-03	-2.70351e+00	5.352191e-01	1.791354e-04	
230	1.929079e-03	-2.15503e+00	5.234921e-01	2.002237e-04	
231	1.949079e-03	-1.57256e+00	5.073544e-01	2.492416e-04	
232	1.969079e-03	-9.65297e-01	4.825371e-01	3.347948e-04	
233	1.989079e-03	-3.42809e-01	4.305993e-01	6.650544e-04	
234	1.995717e-03	-1.34541e-01	3.853570e-01	1.640593e-03	
235	1.998649e-03	-4.24399e-02	3.349576e-01	3.925052e-03	
236	1.999778e-03	-6.97490e-03	2.912487e-01	8.747384e-03	
237	2.000400e-03	1.258173e-02	2.458678e-01	1.546730e-02	
238	2.000966e-03	3.034238e-02	1.754742e-01	2.639281e-02	
239	2.001496e-03	4.701176e-02	7.212422e-02	3.995813e-02	
240	2.002037e-03	6.400622e-02	-7.40180e-02	5.351650e-02	
241	2.002405e-03	7.556668e-02	-1.91962e-01	5.068963e-02	
242	2.002655e-03	8.341092e-02	-2.73198e-01	2.627650e-02	
243	2.002995e-03	9.409118e-02	-3.66166e-01	-2.57391e-02	
244	2.003163e-03	9.935574e-02	-4.00234e-01	-4.86183e-02	
245	2.003304e-03	1.037857e-01	-4.22436e-01	-6.41792e-02	
246	2.003482e-03	1.093896e-01	-4.43950e-01	-7.95352e-02	
247	2.003716e-03	1.167211e-01	-4.64474e-01	-9.43868e-02	
248	2.003896e-03	1.223700e-01	-4.76500e-01	-1.03060e-01	
249	2.004077e-03	1.280814e-01	-4.86845e-01	-1.10516e-01	
250	2.004292e-03	1.348107e-01	-4.97738e-01	-1.18404e-01	
251	2.004504e-03	1.414805e-01	-5.07758e-01	-1.25701e-01	
252	2.004787e-03	1.503796e-01	-5.20502e-01	-1.35103e-01	
253	2.005109e-03	1.604647e-01	-5.34447e-01	-1.45538e-01	
254	2.005574e-03	1.750733e-01	-5.54085e-01	-1.60520e-01	
255	2.006203e-03	1.948379e-01	-5.79903e-01	-1.80660e-01	
256	2.007270e-03	2.283250e-01	-6.22218e-01	-2.14628e-01	
257	2.009079e-03	2.850622e-01	-6.91050e-01	-2.71910e-01	
258	2.011607e-03	3.643349e-01	-7.83442e-01	-3.51617e-01	
259	2.015494e-03	4.860052e-01	-9.20357e-01	-4.73705e-01	
260	2.019302e-03	6.049158e-01	-1.05072e+00	-5.92839e-01	
261	2.026918e-03	8.416303e-01	-1.30472e+00	-8.29908e-01	
262	2.034213e-03	1.066579e+00	-1.54201e+00	-1.05504e+00	
263	2.048803e-03	1.509288e+00	-2.00299e+00	-1.49818e+00	
264	2.062152e-03	1.903320e+00	-2.40948e+00	-1.89253e+00	
265	2.082152e-03	2.467799e+00	-2.98811e+00	-2.45768e+00	
266	2.102152e-03	2.993358e+00	-3.52432e+00	-2.98396e+00	
267	2.122152e-03	3.471711e+00	-4.01122e+00	-3.46322e+00	
268	2.142152e-03	3.895313e+00	-4.44177e+00	-3.88777e+00	
269	2.162152e-03	4.257483e+00	-4.80969e+00	-4.25104e+00	
270	2.182152e-03	4.552510e+00	-5.10937e+00	-4.54720e+00	
271	2.202152e-03	4.775742e+00	-5.33637e+00	-4.77169e+00	
272	2.222152e-03	4.923657e+00	-5.48715e+00	-4.92086e+00	
273	2.242152e-03	4.993923e+00	-5.55949e+00	-4.99245e+00	
274	2.262152e-03	4.985432e+00	-5.55221e+00	-4.98525e+00	
275	2.282152e-03	4.898318e+00	-5.46550e+00	-4.89946e+00	
276	2.302152e-03	4.733954e+00	-5.30060e+00	-4.73634e+00	
277	2.322152e-03	4.494933e+00	-5.06011e+00	-4.49856e+00	
278	2.342152e-03	4.185024e+00	-4.74761e+00	-4.18979e+00	
279	2.362152e-03	3.809115e+00	-4.36788e+00	-3.81496e+00	
280	2.382152e-03	3.373134e+00	-3.92653e+00	-3.37994e+00	
281	2.402152e-03	2.883957e+00	-3.43012e+00	-2.89163e+00	
282	2.422152e-03	2.349297e+00	-2.88562e+00	-2.35770e+00	
283	2.442152e-03	1.777589e+00	-2.30030e+00	-1.78662e+00	
284	2.462152e-03	1.177846e+00	-1.67995e+00	-1.18742e+00	
285	2.482152e-03	5.595280e-01	-1.02473e+00	-5.69733e-01	
286	2.490140e-03	3.095659e-01	-7.46067e-01	-3.20566e-01	

Index   time            v(1)            v(5)            v(6)            
--------------------------------------------------------------------------------
287	2.495585e-03	1.386877e-01	-5.37679e-01	-1.51162e-01	
288	2.498715e-03	4.035396e-02	-3.89726e-01	-5.75073e-02	
289	2.500059e-03	-1.86370e-03	-2.94866e-01	-2.73515e-02	
290	2.500749e-03	-2.35236e-02	-2.16464e-01	-2.61101e-02	
291	2.501254e-03	-3.93864e-02	-1.29013e-01	-3.52516e-02	
292	2.501841e-03	-5.78392e-02	1.646035e-02	-5.06034e-02	
293	2.502267e-03	-7.12136e-02	1.488885e-01	-5.91599e-02	
294	2.502482e-03	-7.79803e-02	2.202048e-01	-5.51580e-02	
295	2.502655e-03	-8.34157e-02	2.737430e-01	-4.23519e-02	
296	2.502881e-03	-9.04894e-02	3.270994e-01	-2.06365e-02	
297	2.502972e-03	-9.33526e-02	3.416435e-01	-1.34747e-02	
298	2.503048e-03	-9.57635e-02	3.506019e-01	-9.16361e-03	
299	2.503157e-03	-9.91816e-02	3.592399e-01	-5.06909e-03	
300	2.503293e-03	-1.03449e-01	3.654190e-01	-2.64275e-03	
301	2.503357e-03	-1.05457e-01	3.671544e-01	-2.16947e-03	
302	2.503417e-03	-1.07355e-01	3.684293e-01	-1.95686e-03	
303	2.503488e-03	-1.09560e-01	3.696374e-01	-1.85413e-03	
304	2.503567e-03	-1.12062e-01	3.708097e-01	-1.85140e-03	
305	2.503645e-03	-1.14505e-01	3.718597e-01	-1.88791e-03	
306	2.503732e-03	-1.17246e-01	3.730033e-01	-1.93268e-03	
307	2.503829e-03	-1.20273e-01	3.742640e-01	-1.95899e-03	
308	2.503952e-03	-1.24158e-01	3.758927e-01	-1.95301e-03	
309	2.504113e-03	-1.29210e-01	3.780024e-01	-1.89793e-03	
310	2.504405e-03	-1.38385e-01	3.816906e-01	-1.75760e-03	
311	2.504726e-03	-1.48448e-01	3.854502e-01	-1.61719e-03	
312	2.505062e-03	-1.58995e-01	3.890888e-01	-1.50088e-03	
313	2.505577e-03	-1.75167e-01	3.941949e-01	-1.35040e-03	
314	2.506420e-03	-2.01646e-01	4.015646e-01	-1.15416e-03	
315	2.507381e-03	-2.31805e-01	4.088019e-01	-9.96283e-04	
316	2.508466e-03	-2.65851e-01	4.158895e-01	-8.57730e-04	
317	2.509856e-03	-3.09447e-01	4.237106e-01	-7.26736e-04	
318	2.511944e-03	-3.74882e-01	4.335601e-01	-5.86835e-04	
319	2.514542e-03	-4.56230e-01	4.436144e-01	-4.72929e-04	
320	2.517426e-03	-5.46368e-01	4.528354e-01	-3.85271e-04	
321	2.521443e-03	-6.71617e-01	4.633875e-01	-3.01052e-04	
322	2.526198e-03	-8.19316e-01	4.735495e-01	-2.37808e-04	
323	2.532754e-03	-1.02176e+00	4.848535e-01	-1.75939e-04	
324	2.539854e-03	-1.23899e+00	4.947305e-01	-1.37099e-04	
325	2.552523e-03	-1.62026e+00	5.085210e-01	-8.34517e-05	
326	2.564838e-03	-1.98107e+00	5.188741e-01	-6.11064e-05	
327	2.584838e-03	-2.54083e+00	5.317533e-01	-2.17213e-05	
328	2.604838e-03	-3.06051e+00	5.414082e-01	-9.32985e-06	
329	2.624838e-03	-3.53193e+00	5.489276e-01	1.452451e-05	
330	2.644838e-03	-3.94765e+00	5.547220e-01	2.105420e-05	
331	2.664838e-03	-4.30112e+00	5.592136e-01	3.927662e-05	
332	2.684838e-03	-4.58675e+00	5.625819e-01	4.333853e-05	
333	2.704838e-03	-4.80005e+00	5.649817e-01	5.979673e-05	
334	2.724838e-03	-4.93764e+00	5.664684e-01	6.310897e-05	
335	2.744838e-03	-4.99737e+00	5.671160e-01	7.882627e-05	
336	2.764838e-03	-4.97829e+00	5.669183e-01	8.214884e-05	
337	2.784838e-03	-4.88069e+00	5.658945e-01	9.774408e-05	
338	2.804838e-03	-4.70613e+00	5.639871e-01	1.016716e-04	
339	2.824838e-03	-4.45734e+00	5.611574e-01	1.178201e-04	
340	2.844838e-03	-4.13826e+00	5.572775e-01	1.232469e-04	
341	2.864838e-03	-3.75392e+00	5.522093e-01	1.412626e-04	
342	2.884838e-03	-3.31038e+00	5.456771e-01	1.502880e-04	
343	2.904838e-03	-2.81462e+00	5.372946e-01	1.737849e-04	
344	2.924838e-03	-2.27449e+00	5.263318e-01	1.932089e-04	

Index   time            v(1)            v(5)            v(6)            
--------------------------------------------------------------------------------
345	2.944838e-03	-1.69848e+00	5.112927e-01	2.389987e-04	
346	2.964838e-03	-1.09568e+00	4.889550e-01	3.067469e-04	
347	2.984838e-03	-4.75608e-01	4.469235e-01	5.414527e-04	
348	2.992576e-03	-2.33152e-01	4.117993e-01	1.058078e-03	
349	2.996392e-03	-1.13343e-01	3.773909e-01	1.930291e-03	
350	2.998181e-03	-5.71549e-02	3.475286e-01	3.498496e-03	
351	2.999092e-03	-2.85372e-02	3.221901e-01	5.534466e-03	
352	2.999684e-03	-9.93766e-03	2.971281e-01	8.304915e-03	
353	3.000173e-03	5.428193e-03	2.662174e-01	1.256624e-02	
354	3.000722e-03	2.269052e-02	2.108186e-01	2.112421e-02	
355	3.001246e-03	3.915513e-02	1.264285e-01	3.334263e-02	
356	3.001817e-03	5.709571e-02	-9.29105e-03	4.848519e-02	
357	3.002283e-03	7.172763e-02	-1.51056e-01	5.484241e-02	
358	3.002558e-03	8.034664e-02	-2.41428e-01	3.864086e-02	
359	3.002819e-03	8.855921e-02	-3.21277e-01	1.723291e-03	
360	3.003102e-03	9.745889e-02	-3.88906e-01	-4.08471e-02	
361	3.003254e-03	1.022120e-01	-4.15151e-01	-5.90370e-02	
362	3.003425e-03	1.075799e-01	-4.37701e-01	-7.50761e-02	
363	3.003607e-03	1.133118e-01	-4.55724e-01	-8.80416e-02	
364	3.003778e-03	1.186860e-01	-4.68822e-01	-9.75034e-02	
365	3.003954e-03	1.241914e-01	-4.79891e-01	-1.05503e-01	
366	3.004171e-03	1.310258e-01	-4.91728e-01	-1.14041e-01	
367	3.004379e-03	1.375511e-01	-5.01915e-01	-1.21440e-01	
368	3.004627e-03	1.453419e-01	-5.13353e-01	-1.29810e-01	
369	3.004904e-03	1.540479e-01	-5.25619e-01	-1.38914e-01	
370	3.005297e-03	1.663660e-01	-5.42449e-01	-1.51602e-01	
371	3.005792e-03	1.819335e-01	-5.63131e-01	-1.67523e-01	
372	3.006614e-03	2.077393e-01	-5.96393e-01	-1.93767e-01	
373	3.007844e-03	2.463243e-01	-6.44385e-01	-2.32823e-01	
374	3.010287e-03	3.229501e-01	-7.35659e-01	-3.10055e-01	
375	3.012810e-03	4.020084e-01	-8.26317e-01	-3.89424e-01	
376	3.016450e-03	5.158649e-01	-9.53353e-01	-5.03639e-01	
377	3.020442e-03	6.404450e-01	-1.08930e+00	-6.28412e-01	
378	3.027261e-03	8.522560e-01	-1.31602e+00	-8.40559e-01	
379	3.034300e-03	1.069234e+00	-1.54488e+00	-1.05768e+00	
380	3.044883e-03	1.391438e+00	-1.88103e+00	-1.38024e+00	
381	3.056001e-03	1.723236e+00	-2.22402e+00	-1.71227e+00	
382	3.074178e-03	2.246900e+00	-2.76204e+00	-2.23652e+00	
383	3.093985e-03	2.783986e+00	-3.31087e+00	-2.77426e+00	
384	3.113985e-03	3.282573e+00	-3.81882e+00	-3.27371e+00	
385	3.133985e-03	3.729391e+00	-4.27316e+00	-3.72143e+00	
386	3.153985e-03	4.117395e+00	-4.66741e+00	-4.11051e+00	
387	3.173985e-03	4.440465e+00	-4.99553e+00	-4.43467e+00	
388	3.193985e-03	4.693507e+00	-5.25272e+00	-4.68895e+00	
389	3.213985e-03	4.872528e+00	-5.43494e+00	-4.86920e+00	
390	3.233985e-03	4.974708e+00	-5.53954e+00	-4.97270e+00	
391	3.253985e-03	4.998433e+00	-5.56480e+00	-4.99771e+00	
392	3.273985e-03	4.943330e+00	-5.51046e+00	-4.94394e+00	
393	3.293985e-03	4.810267e+00	-5.37723e+00	-4.81214e+00	
394	3.313985e-03	4.601344e+00	-5.16725e+00	-4.60448e+00	
395	3.333985e-03	4.319855e+00	-4.88363e+00	-4.32416e+00	
396	3.353985e-03	3.970239e+00	-4.53073e+00	-3.97566e+00	
397	3.373985e-03	3.558010e+00	-4.11379e+00	-3.56443e+00	
398	3.393985e-03	3.089669e+00	-3.63906e+00	-3.09701e+00	
399	3.413985e-03	2.572602e+00	-3.11331e+00	-2.58071e+00	
400	3.433985e-03	2.014964e+00	-2.54382e+00	-2.02376e+00	
401	3.453985e-03	1.425549e+00	-1.93741e+00	-1.43489e+00	
402	3.473985e-03	8.136515e-01	-1.29738e+00	-8.23573e-01	

Index   time            v(1)            v(5)            v(6)            
--------------------------------------------------------------------------------
403	3.493985e-03	1.889226e-01	-6.01365e-01	-2.00141e-01	
404	3.499940e-03	1.871044e-03	-2.90038e-01	-2.36647e-02	
405	3.502544e-03	-7.99050e-02	2.104800e-01	-5.75434e-02	
406	3.503401e-03	-1.06846e-01	3.735191e-01	1.610036e-04	
407	3.503837e-03	-1.20537e-01	3.792320e-01	2.755791e-03	
408	3.503917e-03	-1.23032e-01	3.771023e-01	-1.76079e-03	
409	3.503952e-03	-1.24142e-01	3.766815e-01	-1.28959e-03	
410	3.503997e-03	-1.25554e-01	3.764979e-01	-2.06195e-03	
411	3.504032e-03	-1.26652e-01	3.765680e-01	-2.21996e-03	
412	3.504069e-03	-1.27828e-01	3.767987e-01	-2.39532e-03	
413	3.504122e-03	-1.29468e-01	3.773113e-01	-2.47078e-03	
414	3.504182e-03	-1.31356e-01	3.780788e-01	-2.44502e-03	
415	3.504254e-03	-1.33623e-01	3.791231e-01	-2.31446e-03	
416	3.504327e-03	-1.35908e-01	3.802136e-01	-2.15332e-03	
417	3.504411e-03	-1.38548e-01	3.814425e-01	-1.97309e-03	
418	3.504503e-03	-1.41440e-01	3.827115e-01	-1.81880e-03	
419	3.504617e-03	-1.45015e-01	3.841623e-01	-1.68700e-03	
420	3.504760e-03	-1.49531e-01	3.858504e-01	-1.59343e-03	
421	3.505012e-03	-1.57417e-01	3.885766e-01	-1.50488e-03	
422	3.505282e-03	-1.65924e-01	3.913377e-01	-1.43516e-03	
423	3.505532e-03	-1.73748e-01	3.937612e-01	-1.36514e-03	
424	3.505890e-03	-1.85007e-01	3.970585e-01	-1.27375e-03	
425	3.506608e-03	-2.07524e-01	4.030594e-01	-1.12182e-03	
426	3.507518e-03	-2.36097e-01	4.097547e-01	-9.75510e-04	
427	3.508838e-03	-2.77515e-01	4.181052e-01	-8.16903e-04	
428	3.510349e-03	-3.24906e-01	4.262152e-01	-6.90474e-04	
429	3.512596e-03	-3.95314e-01	4.362806e-01	-5.51668e-04	
430	3.514724e-03	-4.61924e-01	4.442451e-01	-4.70463e-04	
431	3.517429e-03	-5.46447e-01	4.528454e-01	-3.82196e-04	
432	3.520545e-03	-6.43638e-01	4.612077e-01	-3.21516e-04	
433	3.524873e-03	-7.78234e-01	4.709222e-01	-2.49444e-04	
434	3.529728e-03	-9.28503e-01	4.799481e-01	-2.05398e-04	
435	3.537449e-03	-1.16566e+00	4.916074e-01	-1.43512e-04	
436	3.545215e-03	-1.40144e+00	5.010531e-01	-1.16242e-04	
437	3.560748e-03	-1.86246e+00	5.156993e-01	-5.96510e-05	
438	3.576178e-03	-2.30285e+00	5.266499e-01	-4.40981e-05	
439	3.596178e-03	-2.84094e+00	5.375481e-01	-7.06634e-06	
440	3.616178e-03	-3.33422e+00	5.459272e-01	-2.60867e-06	
441	3.636178e-03	-3.77492e+00	5.523989e-01	2.610009e-05	
442	3.656178e-03	-4.15608e+00	5.574067e-01	2.409486e-05	
443	3.676178e-03	-4.47171e+00	5.612573e-01	4.896140e-05	
444	3.696178e-03	-4.71681e+00	5.640501e-01	4.557189e-05	
445	3.716178e-03	-4.88752e+00	5.659381e-01	6.872446e-05	
446	3.736178e-03	-4.98116e+00	5.669317e-01	6.514857e-05	
447	3.756178e-03	-4.99623e+00	5.671124e-01	8.745271e-05	
448	3.776178e-03	-4.93252e+00	5.664358e-01	8.435342e-05	
449	3.796178e-03	-4.79102e+00	5.649295e-01	1.064049e-04	
450	3.816178e-03	-4.57395e+00	5.624969e-01	1.044042e-04	
451	3.836178e-03	-4.28476e+00	5.590997e-01	1.269870e-04	
452	3.856178e-03	-3.92799e+00	5.545589e-01	1.271806e-04	
453	3.876178e-03	-3.50928e+00	5.487112e-01	1.519973e-04	
454	3.896178e-03	-3.03522e+00	5.411832e-01	1.572099e-04	
455	3.916178e-03	-2.51329e+00	5.314651e-01	1.893721e-04	
456	3.936178e-03	-1.95173e+00	5.184035e-01	2.114055e-04	
457	3.956178e-03	-1.35939e+00	4.999254e-01	2.746133e-04	
458	3.976178e-03	-7.45610e-01	4.695031e-01	3.955678e-04	
459	3.990454e-03	-2.99724e-01	4.240101e-01	7.856367e-04	
460	3.995728e-03	-1.34179e-01	3.852862e-01	1.683684e-03	

Index   time            v(1)            v(5)            v(6)            
--------------------------------------------------------------------------------
461	3.998273e-03	-5.42690e-02	3.450455e-01	3.450191e-03	
462	3.999436e-03	-1.77235e-02	3.084239e-01	6.797754e-03	
463	4.000056e-03	1.770771e-03	2.744226e-01	1.125427e-02	
464	4.000575e-03	1.807500e-02	2.283234e-01	1.835604e-02	
465	4.001133e-03	3.560045e-02	1.476109e-01	3.046075e-02	
466	4.001698e-03	5.335594e-02	2.262309e-02	4.536797e-02	
467	4.002263e-03	7.109459e-02	-1.44132e-01	5.511866e-02	
468	4.002567e-03	8.062706e-02	-2.43739e-01	3.788127e-02	
469	4.002832e-03	8.895077e-02	-3.24230e-01	6.017897e-05	
470	4.003123e-03	9.809415e-02	-3.92539e-01	-4.33135e-02	
471	4.003273e-03	1.028174e-01	-4.17874e-01	-6.09484e-02	
472	4.003447e-03	1.082701e-01	-4.40068e-01	-7.67719e-02	
473	4.003630e-03	1.140262e-01	-4.57591e-01	-8.93875e-02	
474	4.003795e-03	1.192094e-01	-4.69924e-01	-9.82986e-02	
475	4.003971e-03	1.247310e-01	-4.80867e-01	-1.06205e-01	
476	4.004185e-03	1.314637e-01	-4.92425e-01	-1.14545e-01	
477	4.004397e-03	1.381240e-01	-5.02773e-01	-1.22064e-01	
478	4.004646e-03	1.459297e-01	-5.14193e-01	-1.30430e-01	
479	4.004930e-03	1.548713e-01	-5.26760e-01	-1.39767e-01	
480	4.005326e-03	1.673057e-01	-5.43713e-01	-1.52566e-01	
481	4.005839e-03	1.833930e-01	-5.65044e-01	-1.69010e-01	
482	4.006680e-03	2.098009e-01	-5.99005e-01	-1.95859e-01	
483	4.007967e-03	2.501981e-01	-6.49114e-01	-2.36735e-01	
484	4.010447e-03	3.279812e-01	-7.41516e-01	-3.15114e-01	
485	4.013035e-03	4.090501e-01	-8.34278e-01	-3.96491e-01	
486	4.016768e-03	5.258034e-01	-9.64293e-01	-5.13600e-01	
487	4.020862e-03	6.535165e-01	-1.10343e+00	-6.41504e-01	
488	4.027846e-03	8.703659e-01	-1.33523e+00	-8.58689e-01	
489	4.035055e-03	1.092402e+00	-1.56917e+00	-1.08087e+00	
490	4.045889e-03	1.421768e+00	-1.91250e+00	-1.41059e+00	
491	4.057263e-03	1.760421e+00	-2.26234e+00	-1.74949e+00	
492	4.075756e-03	2.291083e+00	-2.80728e+00	-2.28076e+00	
493	4.095756e-03	2.830024e+00	-3.35783e+00	-2.82037e+00	
494	4.115756e-03	3.324333e+00	-3.86131e+00	-3.31555e+00	
495	4.135756e-03	3.766215e+00	-4.31058e+00	-3.75834e+00	
496	4.155756e-03	4.148702e+00	-4.69921e+00	-4.14191e+00	
497	4.175756e-03	4.465762e+00	-5.02123e+00	-4.46007e+00	
498	4.195756e-03	4.712394e+00	-5.27193e+00	-4.70795e+00	
499	4.215756e-03	4.884708e+00	-5.44736e+00	-4.88149e+00	
500	4.235756e-03	4.979988e+00	-5.54499e+00	-4.97810e+00	
501	4.255756e-03	4.996731e+00	-5.56320e+00	-4.99612e+00	
502	4.275756e-03	4.934672e+00	-5.50183e+00	-4.93540e+00	
503	4.295756e-03	4.794790e+00	-5.36170e+00	-4.79678e+00	
504	4.315756e-03	4.579291e+00	-5.14506e+00	-4.58254e+00	
505	4.335756e-03	4.291575e+00	-4.85511e+00	-4.29598e+00	
506	4.355756e-03	3.936178e+00	-4.49632e+00	-3.94170e+00	
507	4.375756e-03	3.518704e+00	-4.07400e+00	-3.52521e+00	
508	4.395756e-03	3.045739e+00	-3.59446e+00	-3.05315e+00	
509	4.415756e-03	2.524741e+00	-3.06454e+00	-2.53292e+00	
510	4.435756e-03	1.963926e+00	-2.49153e+00	-1.97277e+00	
511	4.455756e-03	1.372138e+00	-1.88213e+00	-1.38153e+00	
512	4.475756e-03	7.587116e-01	-1.23897e+00	-7.68692e-01	
513	4.495756e-03	1.333195e-01	-5.29444e-01	-1.44930e-01	
514	4.501661e-03	-5.21947e-02	2.242320e-01	-3.55522e-02	
515	4.504003e-03	-1.25746e-01	4.009506e-01	1.427644e-02	
516	4.504808e-03	-1.51028e-01	3.772388e-01	-7.32491e-03	
517	4.505293e-03	-1.66240e-01	3.901535e-01	-3.23686e-03	
518	4.505410e-03	-1.69927e-01	3.939166e-01	3.104825e-04	

Index   time            v(1)            v(5)            v(6)            
--------------------------------------------------------------------------------
519	4.505446e-03	-1.71046e-01	3.944591e-01	-3.80710e-04	
520	4.505502e-03	-1.72801e-01	3.950290e-01	-9.30044e-05	
521	4.505532e-03	-1.73761e-01	3.952406e-01	-2.50628e-04	
522	4.505578e-03	-1.75212e-01	3.954907e-01	-3.60670e-04	
523	4.505628e-03	-1.76782e-01	3.957145e-01	-5.48582e-04	
524	4.505678e-03	-1.78326e-01	3.959277e-01	-7.17340e-04	
525	4.505735e-03	-1.80131e-01	3.962010e-01	-9.01344e-04	
526	4.505795e-03	-1.82020e-01	3.965329e-01	-1.04854e-03	
527	4.505868e-03	-1.84321e-01	3.970055e-01	-1.17397e-03	
528	4.505954e-03	-1.86992e-01	3.976335e-01	-1.24786e-03	
529	4.506079e-03	-1.90921e-01	3.986531e-01	-1.27181e-03	
530	4.506218e-03	-1.95285e-01	3.998384e-01	-1.23658e-03	
531	4.506369e-03	-2.00028e-01	4.011165e-01	-1.18613e-03	
532	4.506542e-03	-2.05464e-01	4.025323e-01	-1.13755e-03	
533	4.506744e-03	-2.11794e-01	4.041157e-01	-1.09842e-03	
534	4.507075e-03	-2.22205e-01	4.066062e-01	-1.04437e-03	
535	4.507599e-03	-2.38641e-01	4.103055e-01	-9.67722e-04	
536	4.508161e-03	-2.56277e-01	4.139935e-01	-8.94546e-04	
537	4.509285e-03	-2.91538e-01	4.206471e-01	-7.77038e-04	
538	4.511172e-03	-3.50705e-01	4.301428e-01	-6.29851e-04	
539	4.513220e-03	-4.14833e-01	4.387423e-01	-5.29505e-04	
540	4.515514e-03	-4.86604e-01	4.469134e-01	-4.37868e-04	
541	4.518271e-03	-5.72748e-01	4.552437e-01	-3.67213e-04	
542	4.522293e-03	-6.98065e-01	4.653634e-01	-2.85770e-04	
543	4.526803e-03	-8.38054e-01	4.747043e-01	-2.33173e-04	
544	4.533476e-03	-1.04396e+00	4.859557e-01	-1.69023e-04	
545	4.540700e-03	-1.26474e+00	4.957846e-01	-1.34680e-04	
546	4.555148e-03	-1.69805e+00	5.109372e-01	-7.37214e-05	
547	4.568743e-03	-2.09311e+00	5.217129e-01	-5.59124e-05	
548	4.588743e-03	-2.64572e+00	5.338525e-01	-1.51662e-05	
549	4.608743e-03	-3.15660e+00	5.430158e-01	-7.75331e-06	
550	4.628743e-03	-3.61770e+00	5.501770e-01	1.917982e-05	
551	4.648743e-03	-4.02175e+00	5.556918e-01	2.155409e-05	
552	4.668743e-03	-4.36238e+00	5.599566e-01	4.322602e-05	
553	4.688743e-03	-4.63420e+00	5.631219e-01	4.356388e-05	
554	4.708743e-03	-4.83295e+00	5.653434e-01	6.342642e-05	
555	4.728743e-03	-4.95547e+00	5.666583e-01	6.329035e-05	
556	4.748743e-03	-4.99984e+00	5.671451e-01	8.230485e-05	
557	4.768743e-03	-4.96537e+00	5.667824e-01	8.241197e-05	
558	4.788743e-03	-4.85258e+00	5.655943e-01	1.011888e-04	
559	4.808743e-03	-4.66327e+00	5.635083e-01	1.021359e-04	
560	4.828743e-03	-4.40042e+00	5.604877e-01	1.213857e-04	
561	4.848743e-03	-4.06816e+00	5.563863e-01	1.241251e-04	
562	4.868743e-03	-3.67176e+00	5.510601e-01	1.452841e-04	
563	4.888743e-03	-3.21744e+00	5.442011e-01	1.521313e-04	
564	4.908743e-03	-2.71238e+00	5.353878e-01	1.792611e-04	
565	4.928743e-03	-2.16455e+00	5.237190e-01	1.991496e-04	
566	4.948743e-03	-1.58258e+00	5.076787e-01	2.487956e-04	
567	4.968743e-03	-9.75658e-01	4.830775e-01	3.319048e-04	
568	4.988743e-03	-3.53344e-01	4.321041e-01	6.531854e-04	
569	4.995423e-03	-1.43781e-01	3.885127e-01	1.562456e-03	
570	4.998498e-03	-4.71805e-02	3.390817e-01	3.646915e-03	
571	4.999681e-03	-1.00144e-02	2.965391e-01	8.105368e-03	
572	5.000000e-03	-6.12323e-15	2.784023e-01	1.072616e-02	
