
Circuit: zener regulator analysis

                            zener regulator analysis
                            DC transfer characteristic  Sun Jan 23 14:59:02  2022
--------------------------------------------------------------------------------
Index   v-sweep         v(2)            
--------------------------------------------------------------------------------
0	1.500000e+01	1.020408e+01	
1	1.550000e+01	1.054422e+01	
2	1.600000e+01	1.088435e+01	
3	1.650000e+01	1.122449e+01	
4	1.700000e+01	1.156459e+01	
5	1.750000e+01	1.187787e+01	
6	1.800000e+01	1.200973e+01	
7	1.850000e+01	1.208601e+01	
8	1.900000e+01	1.214904e+01	
9	1.950000e+01	1.220753e+01	
10	2.000000e+01	1.226282e+01	
11	2.050000e+01	1.231638e+01	
12	2.100000e+01	1.236880e+01	
13	2.150000e+01	1.242034e+01	
14	2.200000e+01	1.247121e+01	
15	2.250000e+01	1.252156e+01	
16	2.300000e+01	1.257148e+01	
17	2.350000e+01	1.262105e+01	
18	2.400000e+01	1.267033e+01	
19	2.450000e+01	1.271937e+01	
20	2.500000e+01	1.276818e+01	
