
Circuit: hw4 q1

                                     hw4 q1
                                     DC transfer characteristic  Wed Feb  2 14:44:54  2022
--------------------------------------------------------------------------------
Index   v-sweep         v(1)            v(6)            
--------------------------------------------------------------------------------
0	1.000000e-01	1.000000e-01	4.947486e-01	
1	2.000000e-01	2.000000e-01	1.459524e+00	
2	3.000000e-01	3.000000e-01	2.424300e+00	
3	4.000000e-01	4.000000e-01	3.380166e+00	
4	5.000000e-01	5.000000e-01	3.491461e+00	
5	6.000000e-01	6.000000e-01	3.495774e+00	
6	7.000000e-01	7.000000e-01	3.495993e+00	
7	8.000000e-01	8.000000e-01	3.495638e+00	
8	9.000000e-01	9.000000e-01	3.495634e+00	
9	1.000000e+00	1.000000e+00	3.495632e+00	
10	1.100000e+00	1.100000e+00	3.495632e+00	
11	1.200000e+00	1.200000e+00	3.495632e+00	
12	1.300000e+00	1.300000e+00	3.495632e+00	
13	1.400000e+00	1.400000e+00	3.495632e+00	
14	1.500000e+00	1.500000e+00	3.495632e+00	
15	1.600000e+00	1.600000e+00	3.495632e+00	
16	1.700000e+00	1.700000e+00	3.495632e+00	
17	1.800000e+00	1.800000e+00	3.495632e+00	
18	1.900000e+00	1.900000e+00	3.495632e+00	
19	2.000000e+00	2.000000e+00	3.495632e+00	
20	2.100000e+00	2.100000e+00	3.495632e+00	
21	2.200000e+00	2.200000e+00	3.495632e+00	
22	2.300000e+00	2.300000e+00	3.495632e+00	
23	2.400000e+00	2.400000e+00	3.495632e+00	
24	2.500000e+00	2.500000e+00	3.495632e+00	
25	2.600000e+00	2.600000e+00	3.495632e+00	
26	2.700000e+00	2.700000e+00	3.495632e+00	
27	2.800000e+00	2.800000e+00	3.495632e+00	
28	2.900000e+00	2.900000e+00	3.495632e+00	
29	3.000000e+00	3.000000e+00	3.495632e+00	
30	3.100000e+00	3.100000e+00	3.495632e+00	
31	3.200000e+00	3.200000e+00	3.495632e+00	
32	3.300000e+00	3.300000e+00	3.495632e+00	
33	3.400000e+00	3.400000e+00	3.495632e+00	
34	3.500000e+00	3.500000e+00	3.495632e+00	
35	3.600000e+00	3.600000e+00	3.495632e+00	
36	3.700000e+00	3.700000e+00	3.495632e+00	
37	3.800000e+00	3.800000e+00	3.495632e+00	
38	3.900000e+00	3.900000e+00	3.495632e+00	
39	4.000000e+00	4.000000e+00	3.495632e+00	
40	4.100000e+00	4.100000e+00	3.495632e+00	
41	4.200000e+00	4.200000e+00	3.495632e+00	
42	4.300000e+00	4.300000e+00	3.495632e+00	
43	4.400000e+00	4.400000e+00	3.495632e+00	
44	4.500000e+00	4.500000e+00	3.495632e+00	
45	4.600000e+00	4.600000e+00	3.495632e+00	
46	4.700000e+00	4.700000e+00	3.495632e+00	
47	4.800000e+00	4.800000e+00	3.495632e+00	
48	4.900000e+00	4.900000e+00	3.495632e+00	
49	5.000000e+00	5.000000e+00	3.495632e+00	
