
Circuit: zener regulator analysis

                            zener regulator analysis
                            DC transfer characteristic  Sun Jan 23 16:39:28  2022
--------------------------------------------------------------------------------
Index   res-sweep       v(2)            
--------------------------------------------------------------------------------
0	1.000000e+01	4.166667e-01	
1	2.000000e+01	8.163265e-01	
2	3.000000e+01	1.200000e+00	
3	4.000000e+01	1.568627e+00	
4	5.000000e+01	1.923077e+00	
5	6.000000e+01	2.264151e+00	
6	7.000000e+01	2.592593e+00	
7	8.000000e+01	2.909091e+00	
8	9.000000e+01	3.214286e+00	
9	1.000000e+02	3.508772e+00	
10	1.100000e+02	3.793103e+00	
11	1.200000e+02	4.067797e+00	
12	1.300000e+02	4.333333e+00	
13	1.400000e+02	4.590164e+00	
14	1.500000e+02	4.838710e+00	
15	1.600000e+02	5.079365e+00	
16	1.700000e+02	5.312500e+00	
17	1.800000e+02	5.538462e+00	
18	1.900000e+02	5.757576e+00	
19	2.000000e+02	5.970149e+00	
20	2.100000e+02	6.176471e+00	
21	2.200000e+02	6.376812e+00	
22	2.300000e+02	6.571429e+00	
23	2.400000e+02	6.760563e+00	
24	2.500000e+02	6.944444e+00	
25	2.600000e+02	7.123288e+00	
26	2.700000e+02	7.297297e+00	
27	2.800000e+02	7.466667e+00	
28	2.900000e+02	7.631579e+00	
29	3.000000e+02	7.792208e+00	
30	3.100000e+02	7.948718e+00	
31	3.200000e+02	8.101266e+00	
32	3.300000e+02	8.250000e+00	
33	3.400000e+02	8.395062e+00	
34	3.500000e+02	8.536585e+00	
35	3.600000e+02	8.674699e+00	
36	3.700000e+02	8.809524e+00	
37	3.800000e+02	8.941176e+00	
38	3.900000e+02	9.069767e+00	
39	4.000000e+02	9.195402e+00	
40	4.100000e+02	9.318182e+00	
41	4.200000e+02	9.438202e+00	
42	4.300000e+02	9.555556e+00	
43	4.400000e+02	9.670330e+00	
44	4.500000e+02	9.782609e+00	
45	4.600000e+02	9.892473e+00	
46	4.700000e+02	1.000000e+01	
47	4.800000e+02	1.010526e+01	
48	4.900000e+02	1.020833e+01	
49	5.000000e+02	1.030928e+01	
50	5.100000e+02	1.040816e+01	
51	5.200000e+02	1.050505e+01	
52	5.300000e+02	1.060000e+01	
53	5.400000e+02	1.069307e+01	
54	5.500000e+02	1.078431e+01	

Index   res-sweep       v(2)            
--------------------------------------------------------------------------------
55	5.600000e+02	1.087379e+01	
56	5.700000e+02	1.096154e+01	
57	5.800000e+02	1.104762e+01	
58	5.900000e+02	1.113208e+01	
59	6.000000e+02	1.121495e+01	
60	6.100000e+02	1.129630e+01	
61	6.200000e+02	1.137615e+01	
62	6.300000e+02	1.145454e+01	
63	6.400000e+02	1.153152e+01	
64	6.500000e+02	1.160708e+01	
65	6.600000e+02	1.168107e+01	
66	6.700000e+02	1.175274e+01	
67	6.800000e+02	1.181917e+01	
68	6.900000e+02	1.187456e+01	
69	7.000000e+02	1.191631e+01	
70	7.100000e+02	1.194780e+01	
71	7.200000e+02	1.197293e+01	
72	7.300000e+02	1.199423e+01	
73	7.400000e+02	1.201267e+01	
74	7.500000e+02	1.202924e+01	
75	7.600000e+02	1.204444e+01	
76	7.700000e+02	1.205855e+01	
77	7.800000e+02	1.207176e+01	
78	7.900000e+02	1.208423e+01	
79	8.000000e+02	1.209606e+01	
80	8.100000e+02	1.210734e+01	
81	8.200000e+02	1.211814e+01	
82	8.300000e+02	1.212850e+01	
83	8.400000e+02	1.213847e+01	
84	8.500000e+02	1.214808e+01	
85	8.600000e+02	1.215737e+01	
86	8.700000e+02	1.216635e+01	
87	8.800000e+02	1.217505e+01	
88	8.900000e+02	1.218349e+01	
89	9.000000e+02	1.219168e+01	
90	9.100000e+02	1.219964e+01	
91	9.200000e+02	1.220738e+01	
92	9.300000e+02	1.221492e+01	
93	9.400000e+02	1.222226e+01	
94	9.500000e+02	1.222942e+01	
95	9.600000e+02	1.223639e+01	
96	9.700000e+02	1.224320e+01	
97	9.800000e+02	1.224985e+01	
98	9.900000e+02	1.225635e+01	
99	1.000000e+03	1.226269e+01	
